-1.5271206807E+00
-3.0861996725E-01
1.7644257962E-01
-4.2431961514E-01
-7.1518237340E-01
2.7973589127E+00
7.7721909529E-01
-2.0568480725E-01
5.8962072573E+00
-1.4136459976E+00
1.1741658275E+00
-1.1683581279E-01
1.3609944033E-01
1.1011912404E-01
-1.1986634795E-01
-5.6205280464E-03
-2.1284717174E-01
-5.4718429071E-02
-1.4704151905E-01
2.4897361380E-03
-5.1665084605E-02
-1.7096384024E-02
-2.1423929653E-02
-4.4370531050E-03
-7.3720555996E-03
-4.0182071078E-03
2.2246352589E-02
3.7748980599E-02
-2.0053862688E-02
6.2171580816E-03
2.1650358396E-02
-6.5352013250E-04
7.7704210438E-02
1.3056412905E-02
-1.3098039169E-04
6.2272158708E-03
8.0504433301E-04
1.0133067317E-02
-3.5743341340E-03
-1.3665271112E-02
-5.5019839568E-03
-1.0911778102E-03
-9.6707369780E-03
6.8327979946E-03
-1.5034257347E-02
-2.7675751265E-04
-1.8160760044E-02
6.1943852472E-03
2.3374541619E-02
-5.4217966930E-04
-4.3819791739E-03
-3.7427835145E-06
-4.4489948054E-03
-2.6132593197E-03
-1.2045586172E-03
3.4223349141E-03
-2.0590330013E-03
-1.3899012428E-04
-7.0065153161E-03
-3.0953308347E-03
-2.0072240534E-03
1.1023522237E-04
6.8464551942E-03
-1.8164186000E-03
-2.2845752790E-03
-1.8918078885E-06
-2.2957306564E-03
-6.8840453138E-04
1.1325632565E-03
4.7270799726E-05
-3.3591739656E-03
6.7352628957E-04
-3.1458786414E-04
5.3781190575E-04
1.4579208176E-04
-7.0654269346E-05
-6.8128647891E-04
9.0088021900E-05
2.7023303739E-03
-1.3884808900E-03
3.4350534531E-03
-1.9612424973E-05
2.2941045266E-03
1.9546732693E-04
-8.1001869135E-04
-3.2268994336E-05
-1.5953517365E-03
-1.4613270083E-03
-1.2325870306E-03
-7.5845670085E-05
1.1462804818E-03
8.7194248263E-04
2.8773154520E-04
4.6215622908E-05
1.0629877167E-03
1.8026171463E-08
-1.1828306869E-07
-7.0229923660E-04
-2.8855261659E-04
6.8327418610E-05
-1.3301929529E-03
-8.7392840875E-06
-6.0450110716E-06
4.2014958397E-04
-5.7986462767E-04
4.8202840048E-04
-4.3522893821E-04
2.5810060493E-05
-8.5035478627E-04
3.1514145376E-04
1.0576573844E-03
1.5690258590E-05
