-1.3231330811E+00
0.0000000000E+00
0.0000000000E+00
0.0000000000E+00
-9.1704853554E-01
2.6523298841E+00
0.0000000000E+00
0.0000000000E+00
6.3103104241E+00
-1.3047673278E+00
1.1752524427E+00
-9.4412829580E-02
8.9366591149E-02
0.0000000000E+00
0.0000000000E+00
0.0000000000E+00
0.0000000000E+00
0.0000000000E+00
-9.4762784435E-02
6.4396998968E-03
0.0000000000E+00
0.0000000000E+00
-1.1213409707E-02
-4.5608591434E-03
0.0000000000E+00
0.0000000000E+00
1.8158679693E-02
3.3459116060E-02
0.0000000000E+00
0.0000000000E+00
3.1157063755E-02
-3.5361026735E-04
8.6281576794E-02
1.3591947854E-02
6.5344211512E-04
0.0000000000E+00
0.0000000000E+00
1.6940853718E-02
-4.2727452524E-03
0.0000000000E+00
0.0000000000E+00
0.0000000000E+00
0.0000000000E+00
0.0000000000E+00
-1.1250177070E-02
-2.0376069308E-04
0.0000000000E+00
0.0000000000E+00
2.3783472984E-02
-8.6021582490E-04
0.0000000000E+00
0.0000000000E+00
0.0000000000E+00
0.0000000000E+00
-5.8400316428E-04
3.0334431855E-03
0.0000000000E+00
0.0000000000E+00
-7.6884236040E-03
-3.6149608866E-03
-6.3434100785E-04
-6.5897148159E-05
7.1046095392E-03
-2.4337357497E-03
1.2562738358E-03
-1.2553110376E-05
0.0000000000E+00
0.0000000000E+00
0.0000000000E+00
0.0000000000E+00
-3.3739929876E-03
1.1354505266E-03
-1.1460793557E-04
0.0000000000E+00
0.0000000000E+00
0.0000000000E+00
0.0000000000E+00
0.0000000000E+00
0.0000000000E+00
0.0000000000E+00
4.3250329248E-03
-4.6192113940E-06
1.7593703936E-03
5.9024777868E-04
-7.7449237953E-04
6.9411280029E-06
0.0000000000E+00
0.0000000000E+00
0.0000000000E+00
0.0000000000E+00
0.0000000000E+00
0.0000000000E+00
0.0000000000E+00
0.0000000000E+00
1.7956334098E-03
-1.5952184152E-04
-2.6120874729E-05
-8.8043053373E-04
0.0000000000E+00
0.0000000000E+00
-8.4793032862E-04
3.6818269383E-06
0.0000000000E+00
0.0000000000E+00
-5.5530906155E-04
7.6194968030E-04
-1.9420168772E-04
2.0874027447E-05
-9.8354917090E-04
6.0786602087E-04
7.4351426308E-04
-5.1165014568E-05
