           4
           8
          12
          20
          24
          28
          36
          44
          48
          56
          60
          68
          80
          88
          96
         100
         108
         112
         120
         128
         136
         144
         148
         160
         168
         176
         184
         192
         196
         212
         220
         224
         232
         240
         248
         252
         260
         276
         284
         292
         300
         304
         316
         324
         332
         340
         348
         356
         364
         372
         376
         384
         400
         404
         420
         428
         436
         440
         456
         464
         472
         480
         488
         496
         504
         508
         516
         528
         544
         552
         560
         568
         576
         592
         600
         608
         612
         620
         632
         640
         656
         664
         672
         680
         696
         708
         716
         724
         732
         740
         748
         756
         760
         768
         776
         792
         796
         804
         820
         828
         844
         852
         860
         868
         876
         884
         888
         900
         916
         924
         932
         940
         948
         964
         972
         980
         988
         996
        1004
        1008
        1032
        1040
        1048
        1056
        1068
        1084
        1092
        1100
        1108
        1116
        1124
        1128
        1136
        1152
        1160
        1176
        1184
        1200
        1208
        1216
        1224
        1228
        1236
        1244
        1256
        1264
        1272
        1280
        1288
        1304
        1312
        1320
        1328
        1352
        1360
        1368
        1372
        1388
        1404
        1412
        1424
        1432
        1440
        1448
        1456
        1464
        1472
        1480
        1488
        1504
        1512
        1516
        1532
        1540
        1548
        1564
        1580
        1596
        1604
        1608
        1616
        1632
        1640
        1648
        1652
        1668
        1684
        1692
        1700
        1708
        1724
        1732
        1740
        1748
        1756
        1764
        1780
        1788
        1792
        1800
        1812
        1828
        1836
        1852
        1860
        1868
        1876
        1884
        1892
        1900
        1916
        1924
        1932
        1940
        1960
        1968
        1976
        1992
        2000
        2008
        2016
        2024
        2028
        2052
        2060
        2068
        2076
        2084
        2092
        2100
        2108
        2120
        2128
        2144
        2160
        2176
        2184
        2200
        2208
        2216
        2224
        2232
        2240
        2248
        2252
        2260
        2284
        2288
        2304
        2312
        2320
        2336
        2352
        2360
        2376
        2384
        2392
        2408
        2416
        2424
        2432
        2440
        2448
        2452
        2468
        2476
        2492
        2500
        2508
        2520
        2528
        2536
        2544
        2552
        2560
        2568
        2584
        2592
        2600
        2608
        2616
        2628
        2636
        2660
        2668
        2692
        2700
        2708
        2724
        2732
        2740
        2748
        2756
        2764
        2768
        2784
        2800
        2808
        2820
        2836
        2844
        2860
        2868
        2876
        2884
        2892
        2916
        2924
        2932
        2940
        2948
        2956
        2964
        2980
        2988
        2996
        3000
        3016
        3024
        3040
        3044
        3060
        3068
        3076
        3084
        3092
        3108
        3124
        3132
        3148
        3156
        3172
        3180
        3188
        3196
        3204
        3208
        3232
        3240
        3248
        3264
        3280
        3288
        3296
        3304
        3312
        3316
        3332
        3340
        3356
        3364
        3380
        3388
        3396
        3404
        3408
        3424
        3432
        3440
        3448
        3456
        3488
        3496
        3504
        3512
        3520
        3528
        3544
        3552
        3568
        3576
        3592
        3596
        3604
        3612
        3624
        3640
        3656
        3672
        3680
        3696
        3704
        3712
        3720
        3728
        3744
        3752
        3760
        3768
        3776
        3792
        3800
        3808
        3816
        3832
        3840
        3852
        3860
        3868
        3876
        3884
        3892
        3908
        3916
        3936
        3944
        3952
        3968
        3984
        3992
        4000
        4008
        4016
        4024
        4040
        4048
        4052
        4060
        4084
        4092
        4108
        4116
        4124
        4140
        4148
        4156
        4164
        4188
        4196
        4204
        4220
        4228
        4236
        4248
        4256
        4272
        4280
        4292
        4308
        4316
        4324
        4340
        4348
        4356
        4372
        4388
        4396
        4404
        4420
        4428
        4436
        4444
        4460
        4468
        4476
        4484
        4492
        4500
        4508
        4512
        4536
        4544
        4568
        4576
        4580
        4596
        4612
        4620
        4636
        4644
        4660
        4668
        4676
        4692
        4700
        4708
        4724
        4740
        4748
        4764
        4776
        4784
        4808
        4824
        4840
        4848
        4856
        4864
        4872
        4880
        4888
        4896
        4904
        4920
        4924
        4940
        4948
        4956
        4972
        4988
        4996
        5004
        5012
        5024
        5032
        5040
        5048
        5056
        5064
        5072
        5080
        5088
        5096
        5128
        5136
        5144
        5152
        5168
        5176
        5192
        5200
        5208
        5216
        5232
        5240
        5248
        5260
        5272
        5280
        5296
        5320
        5328
        5336
        5344
        5368
        5376
        5384
        5392
        5408
        5416
        5432
        5440
        5448
        5456
        5464
        5472
        5488
        5496
        5504
        5512
        5520
        5524
        5540
        5556
        5572
        5580
        5588
        5604
        5620
        5628
        5636
        5648
        5656
        5672
        5680
        5688
        5704
        5712
        5720
        5744
        5752
        5760
        5768
        5784
        5788
        5812
        5828
        5836
        5844
        5852
        5860
        5876
        5884
        5892
        5900
        5908
        5916
        5948
        5956
        5972
        5980
        5988
        5996
        6004
        6020
        6024
        6040
        6048
        6064
        6072
        6076
        6092
        6108
        6124
        6132
        6140
        6148
        6156
        6172
        6180
        6196
        6212
        6220
        6236
        6252
        6260
        6268
        6276
        6292
        6308
        6316
        6324
        6332
        6348
        6360
        6368
        6376
        6384
        6392
        6408
        6416
        6432
        6436
        6460
        6468
        6476
        6484
        6492
        6500
        6508
        6524
        6540
        6548
        6556
        6564
        6572
        6580
        6588
        6604
        6612
        6620
        6624
        6640
        6656
        6664
        6696
        6704
        6720
        6728
        6736
        6744
        6760
        6768
        6776
        6784
        6792
        6808
        6816
        6832
        6840
        6844
        6860
        6868
        6876
        6884
        6892
        6908
        6916
        6920
        6952
        6960
        6968
        6976
        6984
        7008
        7016
        7024
        7032
        7048
        7056
        7072
        7088
        7104
        7112
        7128
        7136
        7144
        7152
        7160
        7176
        7192
        7200
        7208
        7212
        7228
        7236
        7244
        7252
        7264
        7272
        7288
        7304
        7320
        7336
        7344
        7352
        7368
        7376
        7384
        7392
        7408
        7416
        7424
        7432
        7440
        7448
        7464
        7472
        7480
        7496
        7504
        7512
        7520
        7524
        7532
        7540
        7572
        7588
        7596
        7604
        7612
        7636
        7644
        7652
        7660
        7676
        7684
        7692
        7704
        7712
        7720
        7752
        7760
        7768
        7776
        7784
        7792
        7808
        7816
        7824
        7844
        7860
        7868
        7884
        7892
        7908
        7916
        7932
        7956
        7964
        7980
        7988
        8004
        8012
        8020
        8028
        8036
        8044
        8060
        8068
        8084
        8092
        8108
        8112
        8120
        8128
        8136
        8160
        8172
        8180
        8196
        8204
        8220
        8228
        8236
        8244
        8252
        8268
        8276
        8284
        8292
        8300
        8308
        8316
        8340
        8348
        8356
        8388
        8404
        8412
        8420
        8428
        8444
        8452
        8460
        8468
        8484
        8496
        8512
        8520
        8528
        8544
        8552
        8576
        8584
        8596
        8612
        8620
        8636
        8644
        8652
        8660
        8668
        8684
        8692
        8700
        8716
        8724
        8740
        8756
        8764
        8772
        8780
        8788
        8796
        8808
        8824
        8840
        8848
        8856
        8864
        8888
        8896
        8904
        8920
        8928
        8936
        8944
        8960
        8968
        8976
        8984
        8992
        9000
        9008
        9032
        9040
        9056
        9060
        9084
        9092
        9100
        9124
        9132
        9140
        9144
        9152
        9168
        9192
        9208
        9224
        9232
        9248
        9264
        9272
        9280
        9288
        9304
        9312
        9328
        9336
        9352
        9360
        9376
        9384
        9392
        9400
        9416
        9424
        9432
        9448
        9464
        9476
        9492
        9500
        9516
        9524
        9540
        9548
        9556
        9568
        9576
        9584
        9608
        9624
        9632
        9648
        9664
        9672
        9688
        9704
        9712
        9720
        9728
        9736
        9744
        9752
        9760
        9768
        9776
        9784
        9808
        9824
        9840
        9844
        9852
        9868
        9876
        9908
        9916
        9924
        9940
        9948
        9964
        9980
        9988
        9996
       10004
       10020
       10028
       10036
       10048
       10056
       10064
       10080
       10088
       10096
       10104
       10112
       10120
       10128
       10136
       10144
       10160
       10168
       10176
       10184
       10188
       10220
       10228
       10236
       10244
       10260
       10268
       10276
       10292
       10308
       10324
       10332
       10348
       10364
       10380
       10388
       10404
       10412
       10420
       10428
       10436
       10444
       10452
       10468
       10476
       10484
       10500
       10516
       10524
       10532
       10544
       10556
       10572
       10580
       10596
       10604
       10628
       10644
       10652
       10660
       10668
       10684
       10692
       10716
       10724
       10732
       10740
       10764
       10772
       10780
       10796
       10804
       10836
       10844
       10852
       10868
       10876
       10884
       10892
       10900
       10908
       10912
       10920
       10952
       10960
       10976
       10984
       11000
       11008
       11024
       11032
       11040
       11048
       11056
       11064
       11068
       11076
       11092
       11100
       11116
       11132
       11140
       11156
       11164
       11172
       11180
       11196
       11212
       11220
       11228
       11236
       11244
       11260
       11268
       11276
       11288
       11304
       11312
       11328
       11336
       11344
       11352
       11360
       11368
       11384
       11416
       11424
       11432
       11440
       11448
       11464
       11488
       11504
       11512
       11520
       11536
       11544
       11552
       11560
       11568
       11584
       11592
       11596
       11620
       11628
       11644
       11652
       11660
       11668
       11680
       11688
       11712
       11720
       11736
       11744
       11760
       11768
       11776
       11784
       11792
       11816
       11824
       11832
       11840
       11872
       11880
       11896
       11904
       11912
       11928
       11936
       11944
       11960
       11976
       11984
       11992
       12000
       12024
       12032
       12040
       12056
       12060
       12076
       12092
       12100
       12108
       12124
       12140
       12148
       12164
       12168
       12184
       12192
       12208
       12216
       12224
       12240
       12256
       12264
       12272
       12280
       12288
       12296
       12304
       12320
       12328
       12352
       12360
       12376
       12392
       12400
       12416
       12448
       12452
       12468
       12484
       12500
       12516
       12532
       12540
       12548
       12556
       12564
       12580
       12588
       12604
       12620
       12628
       12636
       12644
       12660
       12668
       12676
       12692
       12700
       12716
       12724
       12736
       12744
       12752
       12760
       12768
       12784
       12792
       12800
       12816
       12824
       12840
       12848
       12852
       12868
       12892
       12908
       12916
       12924
       12932
       12940
       12956
       12964
       12972
       12980
       12988
       12996
       13012
       13028
       13044
       13052
       13060
       13068
       13084
       13092
       13108
       13116
       13124
       13132
       13140
       13156
       13164
       13172
       13180
       13204
       13220
       13228
       13236
       13272
       13280
       13288
       13292
       13308
       13324
       13332
       13340
       13372
       13380
       13388
       13396
       13412
       13428
       13436
       13444
       13452
       13460
       13476
       13484
       13500
       13508
       13516
       13524
       13532
       13548
       13556
       13580
       13588
       13604
       13620
       13628
       13636
       13652
       13660
       13668
       13672
       13680
       13696
       13704
       13720
       13736
       13744
       13752
       13768
       13776
       13792
       13800
       13808
       13824
       13832
       13848
       13856
       13864
       13868
       13900
       13908
       13916
       13924
       13932
       13948
       13956
       13964
       13988
       14004
       14012
       14020
       14028
       14044
       14052
       14060
       14068
       14072
       14088
       14096
       14104
       14120
       14136
       14168
       14176
       14192
       14200
       14208
       14224
       14248
       14264
       14272
       14288
       14296
       14304
       14312
       14328
       14336
       14344
       14360
       14376
       14392
       14400
       14408
       14424
       14432
       14440
       14444
       14460
       14468
       14476
       14484
       14492
       14504
       14536
       14544
       14560
       14576
       14584
       14600
       14616
       14624
       14632
       14648
       14664
       14672
       14680
       14688
       14704
       14712
       14728
       14736
       14744
       14752
       14760
       14776
       14792
       14808
       14816
       14832
       14840
       14848
       14856
       14864
       14872
       14880
       14912
       14920
       14928
       14944
       14948
       14956
       14972
       14980
       14996
       15004
       15020
       15028
       15036
       15044
       15052
       15068
       15076
       15080
       15088
       15096
       15104
       15136
       15144
       15152
       15168
       15192
       15200
       15208
       15216
       15232
       15256
       15264
       15272
       15280
       15288
       15296
       15304
       15320
       15328
       15344
       15352
       15360
       15372
       15396
       15404
       15420
       15428
       15444
       15452
       15476
       15508
       15516
       15524
       15532
       15540
       15548
       15556
       15564
       15572
       15580
       15588
       15596
       15612
       15620
       15628
       15644
       15660
       15668
       15676
       15684
       15704
       15720
       15728
       15736
       15744
       15760
       15776
       15784
       15792
       15808
       15812
       15820
       15836
       15852
       15876
       15892
       15900
       15916
       15932
       15948
       15956
       15964
       15972
       15988
       16004
       16012
       16020
       16028
       16044
       16052
       16060
       16068
       16076
       16084
       16100
       16132
       16140
       16156
       16172
       16180
       16188
       16204
       16220
       16236
       16240
       16272
       16280
       16288
       16296
       16304
       16312
       16320
       16344
       16356
       16364
       16372
       16388
       16404
       16412
       16428
       16436
       16444
       16452
       16460
       16468
       16484
       16492
       16508
       16524
       16532
       16540
       16556
       16564
       16572
       16580
       16588
       16596
       16604
       16612
       16620
       16644
       16660
       16668
       16676
       16692
       16708
       16716
       16728
       16760
       16768
       16776
       16792
       16800
       16816
       16832
       16840
       16848
       16880
       16888
       16904
       16912
       16920
       16928
       16944
       16952
       16960
       16976
       16988
       16996
       17012
       17020
       17028
       17036
       17044
       17060
       17068
       17084
       17092
       17100
       17108
       17116
       17140
       17148
       17164
       17180
       17192
       17200
       17216
       17224
       17240
       17256
       17264
       17272
       17280
       17288
       17296
       17312
       17328
       17336
       17344
       17352
       17400
       17408
       17416
       17432
       17448
       17456
       17464
       17472
       17480
       17496
       17504
       17520
       17528
       17536
       17544
       17560
       17568
       17584
       17592
       17600
       17616
       17628
       17644
       17664
       17680
       17696
       17704
       17712
       17720
       17736
       17744
       17768
       17776
       17784
       17792
       17808
       17816
       17832
       17840
       17848
       17856
       17864
       17872
       17888
       17896
       17904
       17912
       17920
       17936
       17944
       17952
       17960
       17968
       17992
       18008
       18016
       18024
       18032
       18040
       18064
       18072
       18080
       18096
       18104
       18120
       18124
       18140
       18164
       18196
       18204
       18212
       18236
       18244
       18260
       18268
       18276
       18284
       18292
       18316
       18320
       18328
       18344
       18360
       18368
       18392
       18400
       18416
       18432
       18440
       18448
       18456
       18472
       18480
       18488
       18504
       18512
       18520
       18536
       18544
       18552
       18560
       18576
       18592
       18600
       18604
       18620
       18636
       18644
       18660
       18692
       18700
       18708
       18724
       18732
       18748
       18764
       18772
       18780
       18788
       18796
       18812
       18828
       18844
       18852
       18868
       18876
       18892
       18908
       18932
       18940
       18956
       18964
       18976
       18992
       19000
       19008
       19016
       19032
       19048
       19056
       19072
       19080
       19088
       19096
       19108
       19124
       19132
       19140
       19148
       19156
       19180
       19188
       19204
       19212
       19228
       19236
       19244
       19260
       19276
       19284
       19292
       19308
       19324
       19332
       19348
       19364
       19380
       19396
       19404
       19412
       19420
       19428
       19444
       19452
       19460
       19476
       19508
       19516
       19524
       19532
       19540
       19548
       19556
       19564
       19572
       19576
       19584
       19600
       19624
       19648
       19656
       19672
       19688
       19696
       19700
       19716
       19724
       19732
       19748
       19756
       19788
       19796
       19804
       19812
       19844
       19852
       19860
       19876
       19884
       19892
       19900
       19916
       19932
       19948
       19956
       19964
       19972
       19980
       19988
       20004
       20012
       20020
       20028
       20044
       20052
       20060
       20068
       20080
       20096
       20104
       20112
       20144
       20160
       20168
       20176
       20184
       20192
       20216
       20224
       20232
       20248
       20256
       20272
       20280
       20288
       20296
       20304
       20320
       20328
       20336
       20344
       20352
       20360
       20368
       20384
       20400
       20404
       20436
       20452
       20460
       20468
       20476
       20484
       20508
       20516
       20532
       20540
       20548
       20556
       20572
       20588
       20592
       20608
       20640
       20648
       20656
       20672
       20680
       20688
       20704
       20720
       20728
       20736
       20752
       20768
       20784
       20800
       20832
       20840
       20848
       20856
       20864
       20880
       20888
       20904
       20912
       20920
       20928
       20944
       20952
       20960
       20968
       20976
       20992
       21000
       21016
       21032
       21040
       21056
       21064
       21072
       21080
       21088
       21100
       21124
       21136
       21152
       21160
       21168
       21176
       21192
       21200
       21216
       21232
       21256
       21264
       21280
       21288
       21304
       21312
       21320
       21328
       21344
       21352
       21360
       21384
       21400
       21408
       21424
       21432
       21440
       21448
       21456
       21464
       21472
       21496
       21504
       21528
       21536
       21544
       21560
       21568
       21584
       21592
       21600
       21608
       21624
       21628
       21660
       21676
       21684
       21700
       21708
       21716
       21732
       21740
       21748
       21772
       21780
       21804
       21812
       21820
       21828
       21836
       21852
       21860
       21868
       21872
       21880
       21912
       21920
       21928
       21944
       21952
       21968
       21984
       21992
       22000
       22008
       22024
       22032
       22040
       22048
       22056
       22080
       22096
       22104
       22120
       22128
       22132
       22140
       22148
       22164
       22180
       22188
       22196
       22212
       22228
       22244
       22252
       22284
       22300
       22308
       22324
       22340
       22348
       22356
       22364
       22380
       22388
       22404
       22412
       22428
       22444
       22460
       22468
       22476
       22484
       22500
       22508
       22524
       22532
       22540
       22556
       22564
       22572
       22580
       22592
       22608
       22616
       22632
       22640
       22648
       22656
       22664
       22700
       22708
       22716
       22724
       22732
       22740
       22756
       22772
       22804
       22812
       22820
       22836
       22852
       22860
       22868
       22876
       22892
       22900
       22908
       22924
       22948
       22956
       22972
       22980
       22988
       22996
       23020
       23028
       23044
       23052
       23084
       23092
       23100
       23108
       23124
       23132
       23140
       23156
       23164
       23180
       23188
       23196
       23204
       23212
       23216
       23232
       23256
       23264
       23280
       23296
       23304
       23312
       23328
       23336
       23344
       23352
       23364
       23372
       23388
       23412
       23428
       23436
       23444
       23460
       23468
       23484
       23492
       23508
       23516
       23524
       23532
       23540
       23548
       23556
       23564
       23580
       23588
       23612
       23620
       23628
       23636
       23644
       23652
       23660
       23692
       23700
       23708
       23716
       23724
       23756
       23768
       23784
       23792
       23800
       23808
       23840
       23848
       23856
       23872
       23880
       23888
       23912
       23928
       23944
       23952
       23960
       23992
       24000
       24016
       24024
       24032
       24056
       24064
       24072
       24080
       24088
       24096
       24104
       24120
       24152
       24156
       24172
       24180
       24196
       24204
       24220
       24228
       24236
       24244
       24260
       24276
       24284
       24300
       24308
       24312
       24328
       24344
       24352
       24360
       24368
       24384
       24392
       24408
       24424
       24432
       24448
       24464
       24480
       24488
       24496
       24504
       24512
       24528
       24536
       24552
       24560
       24568
       24592
       24600
       24608
       24624
       24632
       24640
       24656
       24664
       24688
       24696
       24704
       24712
       24728
       24736
       24744
       24760
       24776
       24784
       24792
       24808
       24816
       24832
       24844
       24860
       24884
       24892
       24924
       24932
       24940
       24944
       24960
       24976
       24984
       25000
       25016
       25032
       25048
       25064
       25072
       25080
       25088
       25104
       25112
       25120
       25136
       25144
       25160
       25168
       25184
       25192
       25208
       25224
       25232
       25248
       25256
       25264
       25280
       25288
       25304
       25320
       25328
       25336
       25344
       25360
       25376
       25384
       25392
       25400
       25416
       25424
       25432
       25444
       25452
       25460
       25476
       25492
       25500
       25508
       25516
       25556
       25564
       25580
       25588
       25604
       25612
       25628
       25636
       25652
       25660
       25692
       25708
       25716
       25732
       25740
       25744
       25760
       25784
       25792
       25808
       25816
       25824
       25832
       25840
       25848
       25856
       25864
       25880
       25888
       25920
       25936
       25944
       25952
       25960
       25968
       25976
       25984
       25996
       26012
       26028
       26044
       26052
       26068
       26076
       26084
       26092
       26100
       26108
       26124
       26140
       26148
       26172
       26180
       26196
       26212
       26220
       26236
       26244
       26252
       26260
       26268
       26284
       26292
       26308
       26316
       26324
       26348
       26356
       26364
       26372
       26380
       26404
       26428
       26444
       26452
       26476
       26484
       26492
       26500
       26536
       26544
       26552
       26560
       26564
       26580
       26596
       26604
       26620
       26628
       26644
       26652
       26668
       26676
       26692
       26708
       26740
       26748
       26756
       26764
       26772
       26780
       26788
       26804
       26820
       26828
       26844
       26860
       26868
       26876
       26884
       26892
       26908
       26916
       26924
       26932
       26940
       26956
       26988
       26996
       27012
       27020
       27028
       27044
       27052
       27060
       27068
       27084
       27092
       27108
       27116
       27132
       27140
       27144
       27168
       27184
       27192
       27208
       27224
       27240
       27248
       27256
       27264
       27272
       27280
       27296
       27304
       27320
       27328
       27336
       27344
       27360
       27364
       27372
       27380
       27396
       27404
       27428
       27444
       27452
       27468
       27476
       27484
       27492
       27508
       27516
       27524
       27540
       27556
       27564
       27580
       27588
       27596
       27612
       27620
       27628
       27644
       27660
       27668
       27676
       27684
       27708
       27716
       27724
       27728
       27736
       27768
       27776
       27808
       27816
       27824
       27840
       27848
       27856
       27872
       27880
       27888
       27904
       27912
       27920
       27936
       27944
       27968
       28000
       28016
       28024
       28032
       28048
       28056
       28064
       28072
       28088
       28096
       28112
       28120
       28128
       28152
       28160
       28168
       28176
       28180
       28196
       28204
       28220
       28228
       28236
       28252
       28268
       28276
       28292
       28324
       28332
       28344
       28352
       28368
       28376
       28384
       28392
       28408
       28416
       28424
       28448
       28480
       28496
       28512
       28520
       28536
       28544
       28560
       28576
       28584
       28592
       28600
       28616
       28624
       28640
       28648
       28656
       28664
       28696
       28704
       28712
       28728
       28744
       28752
       28760
       28776
       28784
       28792
       28808
       28816
       28824
       28840
       28848
       28856
       28864
       28880
       28888
       28904
       28912
       28916
       28932
       28948
       28956
       28964
       28988
       28996
       29004
       29012
       29020
       29028
       29040
       29072
       29080
       29096
       29104
       29136
       29152
       29160
       29168
       29184
       29192
       29208
       29216
       29224
       29232
       29248
       29256
       29272
       29288
       29312
       29320
       29336
       29344
       29352
       29360
       29368
       29376
       29392
       29400
       29416
       29432
       29440
       29448
       29456
       29472
       29480
       29496
       29504
       29512
       29524
       29540
       29556
       29564
       29580
       29588
       29636
       29644
       29652
       29668
       29676
       29684
       29692
       29708
       29716
       29724
       29732
       29740
       29748
       29764
       29772
       29780
       29788
       29796
       29828
       29836
       29852
       29860
       29868
       29884
       29900
       29908
       29912
       29920
       29936
       29952
       29960
       29968
       29984
       29992
       30000
       30016
       30032
       30040
       30056
       30064
       30080
       30088
       30096
       30112
       30128
       30136
       30144
       30148
       30180
       30188
       30196
       30204
       30212
       30244
       30252
       30260
       30268
       30276
       30292
       30300
       30324
       30332
       30348
       30356
       30372
       30380
       30396
       30404
       30412
       30420
       30452
       30460
       30468
       30484
       30508
       30524
       30532
       30540
       30548
       30572
       30580
       30588
       30596
       30612
       30620
       30628
       30636
       30652
       30660
       30668
       30684
       30700
       30708
       30716
       30724
       30740
       30752
       30756
       30780
       30812
       30820
       30836
       30852
       30860
       30868
       30884
       30892
       30900
       30908
       30916
       30932
       30956
       30964
       30996
       31004
       31020
       31028
       31036
       31044
       31052
       31068
       31076
       31084
       31100
       31108
       31116
       31124
       31132
       31140
       31148
       31172
       31188
       31196
       31204
       31212
       31244
       31252
       31260
       31276
       31292
       31308
       31324
       31332
       31340
       31348
       31364
       31372
       31380
       31396
       31416
       31432
       31448
       31456
       31464
       31472
       31496
       31504
       31520
       31536
       31544
       31552
       31568
       31576
       31592
       31600
       31616
       31624
       31640
       31648
       31664
       31668
       31676
       31692
       31708
       31724
       31732
       31756
       31772
       31780
       31796
       31812
       31828
       31844
       31852
       31868
       31876
       31884
       31900
       31908
       31916
       31924
       31932
       31948
       31956
       31972
       31980
       31988
       31996
       32004
       32016
       32024
       32056
       32072
       32080
       32096
       32120
       32128
       32136
       32152
       32168
       32176
       32184
       32200
       32216
       32248
       32256
       32264
       32280
       32288
       32304
       32320
       32336
       32344
       32352
       32368
       32376
       32400
       32408
       32416
       32424
       32440
       32456
       32472
       32480
       32488
       32504
       32512
       32528
       32532
       32540
       32572
       32580
       32588
       32596
       32604
       32612
       32620
       32628
       32644
       32668
       32680
       32696
       32704
       32720
       32728
       32744
       32760
       32776
       32784
       32792
       32800
       32816
       32832
       32848
       32856
       32864
       32872
       32880
       32888
       32896
       32904
       32912
       32920
       32936
       32952
       32968
       32976
       32992
       33000
       33016
       33024
       33032
       33048
       33056
       33080
       33088
       33104
       33112
       33128
       33136
       33144
       33160
       33168
       33184
       33192
       33208
       33216
       33224
       33256
       33264
       33272
       33280
       33304
       33312
       33316
       33332
       33340
       33348
       33388
       33396
       33404
       33420
       33436
       33452
       33460
       33468
       33480
       33512
       33520
       33536
       33544
       33560
       33568
       33584
       33600
       33624
       33640
       33656
       33672
       33680
       33688
       33696
       33704
       33736
       33744
       33752
       33760
       33768
       33784
       33792
       33808
       33816
       33824
       33832
       33848
       33864
       33872
       33880
       33888
       33896
       33912
       33928
       33936
       33948
       33964
       33972
       33988
       34012
       34020
       34036
       34044
       34052
       34060
       34076
       34092
       34100
       34108
       34124
       34132
       34164
       34172
       34188
       34204
       34212
       34220
       34228
       34236
       34252
       34260
       34284
       34292
       34300
       34308
       34324
       34348
       34356
       34372
       34380
       34392
       34400
       34408
       34416
       34432
       34448
       34456
       34472
       34480
       34496
       34504
       34536
       34544
       34552
       34560
       34576
       34584
       34592
       34608
       34620
       34636
       34652
       34660
       34676
       34684
       34692
       34700
       34748
       34756
       34764
       34780
       34788
       34796
       34804
       34820
       34836
       34852
       34860
       34868
       34884
       34900
       34908
       34916
       34924
       34932
       34940
       34972
       34980
       34988
       35004
       35020
       35028
       35036
       35052
       35060
       35068
       35076
       35084
       35100
       35116
       35124
       35132
       35148
       35156
       35172
       35180
       35188
       35196
       35204
       35212
       35236
       35252
       35264
       35280
       35296
       35304
       35336
       35356
       35372
       35380
       35396
       35404
       35412
       35420
       35428
       35444
       35452
       35484
       35500
       35508
       35532
       35540
       35548
       35556
       35564
       35572
       35588
       35596
       35604
       35620
       35628
       35636
       35652
       35660
       35676
       35684
       35700
       35716
       35724
       35732
       35740
       35756
       35764
       35772
       35780
       35796
       35804
       35820
       35828
       35844
       35852
       35876
       35892
       35900
       35908
       35916
       35924
       35940
       35948
       35952
       35976
       35992
       36008
       36024
       36032
       36048
       36056
       36064
       36072
       36088
       36096
       36120
       36128
       36136
       36144
       36160
       36176
       36184
       36200
       36224
       36240
       36248
       36264
       36280
       36288
       36292
       36308
       36332
       36348
       36380
       36396
       36404
       36412
       36420
       36428
       36452
       36460
       36468
       36476
       36492
       36500
       36508
       36516
       36532
       36540
       36548
       36556
       36588
       36612
       36620
       36624
       36640
       36648
       36656
       36672
       36680
       36696
       36704
       36712
       36720
       36744
       36752
       36768
       36776
       36808
       36816
       36832
       36840
       36856
       36864
       36872
       36888
       36896
       36904
       36920
       36936
       36944
       36952
       36968
       37000
       37016
       37024
       37040
       37048
       37056
       37064
       37072
       37080
       37096
       37104
       37112
       37128
       37136
       37144
       37152
       37160
       37176
       37192
       37200
       37224
       37228
       37244
       37260
       37276
       37284
       37296
       37312
       37328
       37336
       37368
       37376
       37384
       37400
       37408
       37424
       37432
       37440
       37456
       37472
       37496
       37512
       37520
       37528
       37536
       37544
       37560
       37568
       37576
       37584
       37600
       37608
       37624
       37640
       37648
       37664
       37672
       37688
       37696
       37704
       37720
       37736
       37752
       37768
       37816
       37824
       37832
       37840
       37864
       37880
       37888
       37904
       37912
       37920
       37928
       37944
       37960
       37968
       37980
       37988
       38004
       38020
       38028
       38036
       38044
       38052
       38060
       38076
       38108
       38124
       38132
       38148
       38164
       38172
       38180
       38188
       38196
       38204
       38212
       38224
       38240
       38248
       38256
       38272
       38288
       38296
       38312
       38320
       38328
       38352
       38360
       38376
       38392
       38408
       38416
       38424
       38440
       38456
       38464
       38472
       38480
       38488
       38504
       38512
       38528
       38536
       38544
       38552
       38560
       38568
       38576
       38592
       38608
       38616
       38624
       38640
       38656
       38668
       38684
       38732
       38740
       38756
       38780
       38796
       38804
       38820
       38828
       38836
       38844
       38860
       38868
       38884
       38892
       38900
       38916
       38932
       38940
       38948
       38956
       38964
       38980
       38988
       39020
       39028
       39036
       39044
       39052
       39060
       39068
       39076
       39084
       39092
       39100
       39108
       39116
       39124
       39132
       39148
       39164
       39180
       39188
       39192
       39200
       39216
       39224
       39232
       39256
       39288
       39312
       39320
       39328
       39344
       39360
       39368
       39376
       39380
       39412
       39428
       39436
       39444
       39452
       39468
       39484
       39492
       39500
       39508
       39540
       39548
       39556
       39564
       39572
       39580
       39596
       39604
       39636
       39644
       39652
       39684
       39700
       39708
       39716
       39724
       39740
       39756
       39764
       39772
       39804
       39812
       39820
       39836
       39844
       39860
       39876
       39884
       39892
       39908
       39916
       39924
       39932
       39940
       39948
       39956
       39964
       39972
       39996
       40012
       40028
       40036
       40044
       40060
       40068
       40076
       40088
       40104
       40120
       40128
       40136
       40144
       40160
       40168
       40176
       40188
       40204
       40236
       40244
       40252
       40260
       40292
       40308
       40316
       40324
       40332
       40340
       40356
       40364
       40372
       40380
       40404
       40412
       40420
       40428
       40444
       40452
       40468
       40476
       40484
       40500
       40508
       40516
       40524
       40532
       40564
       40580
       40588
       40596
       40604
       40620
       40636
       40644
       40652
       40660
       40668
       40676
       40684
       40700
       40708
       40724
       40732
       40748
       40756
       40772
       40788
       40792
       40808
       40840
       40848
       40872
       40880
       40896
       40904
       40920
       40944
       40952
       40960
       40968
       40976
       40984
       41000
       41008
       41032
       41040
       41056
       41072
       41088
       41096
       41112
       41120
       41128
       41136
       41152
       41160
       41176
       41184
       41200
       41216
       41224
       41228
       41244
       41276
       41284
       41292
       41308
       41324
       41332
       41340
       41356
       41372
       41388
       41396
       41404
       41420
       41428
       41444
       41452
       41460
       41476
       41492
       41500
       41516
       41532
       41544
       41560
       41568
       41584
       41592
       41600
       41632
       41640
       41656
       41664
       41680
       41688
       41704
       41712
       41728
       41736
       41752
       41768
       41776
       41792
       41800
       41808
       41816
       41824
       41832
       41848
       41856
       41904
       41912
       41920
       41928
       41960
       41968
       41976
       41984
       42000
       42016
       42024
       42032
       42048
       42064
       42080
       42088
       42096
       42104
       42120
       42128
       42136
       42144
       42152
       42160
       42176
       42184
       42192
       42200
       42216
       42228
       42252
       42264
       42272
       42288
       42304
       42312
       42320
       42328
       42336
       42344
       42360
       42392
       42400
       42416
       42448
       42456
       42472
       42496
       42504
       42528
       42536
       42552
       42560
       42576
       42592
       42600
       42608
       42616
       42632
       42640
       42656
       42664
       42672
       42680
       42688
       42696
       42720
       42736
       42744
       42760
       42776
       42808
       42816
       42824
       42840
       42856
       42872
       42880
       42888
       42896
       42912
       42920
       42928
       42936
       42944
       42952
       42960
       42968
       42980
       43004
       43012
       43020
       43028
       43052
       43068
       43076
       43084
       43092
       43100
       43124
       43132
       43148
       43156
       43172
       43180
       43196
       43212
       43220
       43228
       43244
       43252
       43260
       43276
       43280
       43312
       43320
       43336
       43344
       43360
       43368
       43384
       43400
       43416
       43424
       43432
       43448
       43456
       43472
       43488
       43496
       43504
       43512
       43536
       43544
       43568
       43576
       43584
       43592
       43600
       43616
       43624
       43640
       43648
       43656
       43672
       43680
       43688
       43696
       43704
       43708
       43732
       43740
       43748
       43780
       43788
       43804
       43836
       43844
       43852
       43868
       43884
       43892
       43908
       43924
       43932
       43948
       43964
       43980
       43988
       43996
       44004
       44012
       44028
       44036
       44044
       44060
       44068
       44076
       44084
       44092
       44100
       44108
       44132
       44156
       44164
       44196
       44212
       44220
       44228
       44244
       44260
       44276
       44292
       44300
       44304
       44312
       44320
       44336
       44368
       44384
       44392
       44400
       44416
       44424
       44440
       44448
       44456
       44468
       44484
       44492
       44508
       44540
       44548
       44556
       44572
       44580
       44596
       44612
       44620
       44636
       44652
       44668
       44676
       44684
       44692
       44716
       44724
       44740
       44748
       44764
       44772
       44788
       44796
       44812
       44828
       44844
       44852
       44868
       44884
       44900
       44908
       44916
       44940
       44956
       44964
       44980
       44988
       45004
       45012
       45020
       45036
       45044
       45052
       45060
       45076
       45084
       45132
       45140
       45148
       45156
       45164
       45180
       45188
       45196
       45212
       45224
       45232
       45248
       45256
       45264
       45280
       45296
       45304
       45328
       45336
       45344
       45352
       45360
       45368
       45404
       45412
       45428
       45436
       45444
       45452
       45460
       45476
       45484
       45500
       45508
       45524
       45540
       45548
       45580
       45596
       45604
       45612
       45620
       45636
       45652
       45668
       45676
       45684
       45692
       45708
       45716
       45724
       45732
       45740
       45748
       45764
       45780
       45788
       45804
       45812
       45820
       45828
       45844
       45868
       45876
       45892
       45900
       45908
       45916
       45948
       45956
       45964
       45968
       45976
       46008
       46032
       46040
       46048
       46056
       46072
       46080
       46088
       46096
       46112
       46128
       46144
       46176
       46184
       46192
       46208
       46240
       46248
       46256
       46264
       46280
       46288
       46296
       46304
       46312
       46320
       46336
       46344
       46352
       46368
       46384
       46392
       46408
       46416
       46432
       46440
       46448
       46452
       46468
       46476
       46500
       46508
       46516
       46532
       46540
       46548
       46564
       46588
       46596
       46604
       46620
       46636
       46652
       46668
       46676
       46684
       46692
       46700
       46712
       46744
       46752
       46768
       46784
       46792
       46816
       46832
       46848
       46856
       46864
       46872
       46888
       46896
       46904
       46920
       46928
       46944
       46960
       46976
       46984
       46992
       47000
       47032
       47040
       47048
       47064
       47072
       47080
       47096
       47112
       47120
       47128
       47144
       47160
       47168
       47176
       47184
       47192
       47216
       47240
       47248
       47272
       47280
       47296
       47304
       47312
       47320
       47328
       47336
       47344
       47352
       47360
       47392
       47400
       47408
       47416
       47432
       47440
       47448
       47456
       47472
       47484
       47516
       47532
       47540
       47552
       47568
       47600
       47608
       47616
       47624
       47632
       47640
       47656
       47688
       47696
       47704
       47712
       47728
       47744
       47752
       47760
       47776
       47784
       47808
       47816
       47832
       47848
       47856
       47872
       47880
       47888
       47896
       47912
       47920
       47952
       47960
       47976
       47984
       47992
       48000
       48008
       48016
       48032
       48040
       48064
       48072
       48088
       48096
       48120
       48144
       48152
       48160
       48168
       48176
       48184
       48192
       48200
       48216
       48224
       48232
       48240
       48256
       48288
       48296
       48300
       48308
       48324
       48332
       48364
       48372
       48388
       48404
       48412
       48420
       48428
       48444
       48452
       48476
       48484
       48492
       48508
       48524
       48540
       48572
       48588
       48596
       48604
       48612
       48628
       48644
       48652
       48656
       48664
       48680
       48688
       48704
       48712
       48720
       48728
       48744
       48752
       48768
       48776
       48792
       48808
       48816
       48832
       48840
       48856
       48864
       48880
       48888
       48904
       48920
       48936
       48944
       48952
       48960
       48968
       48976
       48984
       48992
       49008
       49024
       49040
       49048
       49076
       49092
       49100
       49108
       49116
       49124
       49132
       49140
       49164
       49172
       49180
       49212
       49220
       49228
       49244
       49260
       49268
       49276
       49292
       49308
       49324
       49332
       49356
       49372
       49380
       49388
       49396
       49444
       49460
       49468
       49476
       49484
       49492
       49500
       49516
       49524
       49540
       49548
       49564
       49572
       49580
       49588
       49604
       49620
       49628
       49636
       49668
       49676
       49684
       49700
       49716
       49728
       49744
       49760
       49784
       49800
       49808
       49840
       49848
       49856
       49860
       49868
       49884
       49892
       49908
       49916
       49932
       49940
       49948
       49964
       49980
       49996
       50004
       50020
       50036
       50060
       50076
       50084
       50100
       50116
       50124
       50140
       50148
       50156
       50164
       50180
       50188
       50196
       50212
       50220
       50228
       50244
       50260
       50268
       50276
       50292
       50300
       50316
       50332
       50356
       50372
       50380
       50388
       50404
       50420
       50436
       50444
       50452
       50460
       50476
       50484
       50492
       50500
       50516
       50524
       50540
       50556
       50564
       50572
       50588
       50596
       50612
       50616
       50632
       50648
       50680
       50688
       50696
       50704
       50712
       50728
       50744
       50760
       50776
       50784
       50792
       50824
       50832
       50848
       50856
       50864
       50872
       50880
       50892
       50908
       50916
       50924
       50932
       50948
       50956
       50972
       50980
       50988
       50996
       51004
       51020
       51036
       51044
       51052
       51092
       51100
       51116
       51124
       51132
       51148
       51164
       51180
       51188
       51204
       51212
       51228
       51236
       51244
       51252
       51276
       51292
       51300
       51308
       51316
       51324
       51356
       51372
       51380
       51388
       51396
       51412
       51420
       51428
       51432
       51464
       51480
       51504
       51528
       51560
       51576
       51584
       51592
       51608
       51616
       51624
       51648
       51656
       51672
       51680
       51688
       51696
       51704
       51712
       51744
       51752
       51760
       51768
       51776
       51792
       51800
       51832
       51840
       51856
       51872
       51888
       51896
       51904
       51928
       51936
       51944
       51952
       51960
       51968
       51976
       51984
       51992
       52004
       52020
       52036
       52052
       52060
       52068
       52084
       52092
       52108
       52124
       52132
       52140
       52156
       52172
       52188
       52196
       52212
       52220
       52228
       52236
       52252
       52256
       52272
       52288
       52296
       52304
       52328
       52336
       52344
       52360
       52368
       52384
       52392
       52400
       52416
       52432
       52440
       52448
       52480
       52488
       52496
       52504
       52520
       52536
       52544
       52560
       52568
       52584
       52592
       52600
       52632
       52640
       52648
       52664
       52688
       52704
       52712
       52720
       52736
       52744
       52760
       52776
       52784
       52800
       52824
       52848
       52872
       52880
       52896
       52912
       52920
       52944
       52952
       52960
       52976
       52992
       53000
       53008
       53016
       53024
       53040
       53076
       53084
       53092
       53108
       53124
       53132
       53140
       53148
       53172
       53176
       53192
       53208
       53216
       53224
       53240
       53256
       53272
       53280
       53296
       53304
       53336
       53352
       53360
       53376
       53384
       53392
       53408
       53440
       53448
       53456
       53472
       53480
       53488
       53496
       53504
       53512
       53520
       53528
       53536
       53544
       53552
       53568
       53584
       53600
       53616
       53640
       53648
       53656
       53672
       53688
       53696
       53704
       53712
       53720
       53728
       53736
       53752
       53760
       53792
       53800
       53808
       53824
       53840
       53848
       53864
       53872
       53880
       53884
       53892
       53908
       53924
       53956
       53964
       53980
       53996
       54012
       54020
       54028
       54036
       54052
       54060
       54076
       54084
       54092
       54100
       54116
       54124
       54172
       54188
       54204
       54212
       54220
       54236
       54252
       54260
       54276
       54292
       54300
       54316
       54324
       54332
       54336
       54360
       54376
       54392
       54400
       54416
       54424
       54440
       54448
       54464
       54472
       54480
       54488
       54504
       54512
       54520
       54528
       54544
       54552
       54568
       54576
       54584
       54600
       54608
       54616
       54624
       54632
       54640
       54648
       54656
       54664
       54680
       54688
       54692
       54740
       54748
       54756
       54772
       54788
       54804
       54812
       54820
       54844
       54860
       54876
       54884
       54900
       54908
       54916
       54948
       54956
       54964
       54972
       54980
       54996
       55012
       55020
       55028
       55036
       55052
       55076
       55092
       55108
       55116
       55132
       55140
       55156
       55164
       55180
       55196
       55204
       55212
       55220
       55236
       55244
       55260
       55268
       55276
       55292
       55300
       55316
       55324
       55340
       55364
       55372
       55380
       55388
       55404
       55420
       55444
       55452
       55460
       55476
       55484
       55492
       55496
       55504
       55536
       55544
       55552
       55556
       55588
       55604
       55612
       55620
       55636
       55644
       55660
       55668
       55692
       55700
       55708
       55724
       55732
       55740
       55756
       55764
       55780
       55788
       55804
       55812
       55820
       55828
       55836
       55852
       55868
       55884
       55892
       55900
       55924
       55948
       55980
       55996
       56004
       56012
       56028
       56044
       56052
       56068
       56076
       56092
       56108
       56116
       56124
       56140
       56156
       56164
       56172
       56188
       56204
       56220
       56228
       56244
       56260
       56268
       56276
       56300
       56308
       56316
       56324
       56332
       56340
       56372
       56380
       56396
       56400
       56408
       56424
       56440
       56448
       56456
       56464
       56480
       56488
       56496
       56504
       56512
       56528
       56544
       56552
       56584
       56600
       56608
       56640
       56648
       56656
       56672
       56680
       56696
       56704
       56716
       56724
       56740
       56748
       56756
       56764
       56780
       56788
       56796
       56812
       56820
       56828
       56844
       56852
       56860
       56868
       56892
       56900
       56932
       56972
       56988
       56996
       57012
       57020
       57028
       57036
       57052
       57060
       57068
       57084
       57100
       57116
       57124
       57132
       57148
       57156
       57164
       57180
       57188
       57196
       57208
       57224
       57232
       57240
       57248
       57280
       57288
       57320
       57328
       57360
       57368
       57376
       57384
       57416
       57424
       57432
       57440
       57448
       57464
       57480
       57488
       57504
       57512
       57520
       57528
       57536
       57552
       57568
       57576
       57584
       57608
       57616
       57632
       57640
       57648
       57656
       57664
       57680
       57688
       57704
       57720
       57728
       57736
       57752
       57768
       57776
       57792
       57800
       57808
       57824
       57840
       57848
       57856
       57880
       57884
       57892
       57908
       57924
       57932
       57940
       57964
       57972
       57980
       57988
       57996
       58012
       58020
       58028
       58036
       58044
       58060
       58068
       58076
       58088
       58104
       58136
       58144
       58160
       58176
       58184
       58192
       58200
       58208
       58240
       58256
       58264
       58280
       58288
       58296
       58304
       58312
       58328
       58336
       58352
       58368
       58384
       58392
       58408
       58416
       58424
       58432
       58456
       58472
       58480
       58488
       58520
       58528
       58544
       58560
       58568
       58584
       58600
       58624
       58632
       58640
       58656
       58672
       58680
       58688
       58720
       58728
       58736
       58744
       58752
       58768
       58776
       58792
       58808
       58816
       58824
       58840
       58856
       58872
       58880
       58888
       58896
       58904
       58912
       58928
       58940
       58956
       58964
       58972
       58988
       59036
       59044
       59052
       59060
       59068
       59076
       59092
       59104
       59120
       59136
       59144
       59160
       59176
       59184
       59200
       59248
       59264
       59272
       59288
       59296
       59312
       59320
       59328
       59336
       59344
       59352
       59368
       59384
       59392
       59408
       59416
       59424
       59432
       59440
       59448
       59472
       59480
       59496
       59512
       59520
       59536
       59544
       59552
       59568
       59576
       59584
       59616
       59632
       59648
       59656
       59664
       59672
       59680
       59696
       59704
       59712
       59720
       59728
       59744
       59760
       59784
       59792
       59800
       59804
       59836
       59844
       59860
       59876
       59892
       59900
       59908
       59916
       59924
       59932
       59948
       59956
       59964
       59980
       60004
       60012
       60028
       60044
       60060
       60076
       60084
       60092
       60124
       60140
       60148
       60156
       60164
       60180
       60188
       60196
       60204
       60220
       60236
       60244
       60252
       60268
       60284
       60300
       60308
       60316
       60320
       60352
       60360
       60368
       60376
       60400
       60408
       60416
       60424
       60432
       60464
       60472
       60480
       60488
       60504
       60512
       60528
       60536
       60544
       60552
       60568
       60584
       60592
       60600
       60624
       60632
       60640
       60648
       60664
       60668
       60676
       60700
       60716
       60724
       60732
       60748
       60780
       60796
       60804
       60820
       60828
       60836
       60868
       60876
       60884
       60892
       60900
       60916
       60924
       60940
       60964
       60980
       60996
       61004
       61020
       61028
       61036
       61044
       61052
       61060
       61068
       61076
       61092
       61100
       61124
       61132
       61140
       61172
       61180
       61188
       61196
       61204
       61212
       61228
       61236
       61252
       61268
       61276
       61284
       61292
       61300
       61316
       61332
       61340
       61348
       61356
       61372
       61380
       61396
       61412
       61420
       61428
       61444
       61452
       61460
       61468
       61476
       61492
       61508
       61516
       61528
       61544
       61548
       61572
       61580
       61612
       61620
       61636
       61652
       61684
       61700
       61708
       61716
       61732
       61748
       61756
       61772
       61780
       61788
       61796
       61804
       61836
       61844
       61852
       61868
       61876
       61900
       61908
       61916
       61924
       61956
       61988
       61996
       62012
       62028
       62036
       62044
       62052
       62060
       62068
       62084
       62092
       62108
       62124
       62132
       62140
       62156
       62164
       62172
       62180
       62188
       62196
       62228
       62236
       62244
       62292
       62300
       62308
       62316
       62324
       62348
       62356
       62372
       62380
       62388
       62420
       62428
       62432
       62440
       62472
       62480
       62512
       62520
       62536
       62544
       62560
       62568
       62576
       62592
       62616
       62632
       62640
       62656
       62664
       62680
       62688
       62696
       62704
       62712
       62728
       62736
       62744
       62776
       62784
       62792
       62800
       62816
       62824
       62844
       62860
       62876
       62892
       62908
       62916
       62924
       62948
       62956
       62964
       62972
       62980
       63004
       63012
       63028
       63044
       63060
       63068
       63084
       63092
       63100
       63116
       63124
       63140
       63148
       63164
       63172
       63180
       63196
       63204
       63212
       63228
       63236
       63244
       63260
       63268
       63276
       63284
       63300
       63304
       63336
       63344
       63360
       63368
       63384
       63392
       63408
       63416
       63432
       63456
       63464
       63480
       63512
       63528
       63552
       63568
       63576
       63584
       63600
       63616
       63632
       63640
       63656
       63672
       63680
       63696
       63704
       63712
       63728
       63744
       63752
       63768
       63776
       63792
       63800
       63808
       63824
       63832
       63840
       63856
       63864
       63872
       63888
       63896
       63928
       63936
       63944
       63952
       63968
       63976
       63992
       64000
       64016
       64024
       64032
       64040
       64048
       64056
       64068
       64076
       64108
       64124
       64140
       64156
       64164
       64172
       64188
       64196
       64208
       64232
       64240
       64256
       64264
       64272
       64288
       64304
       64320
       64328
       64336
       64344
       64376
       64392
       64408
       64440
       64448
       64456
       64464
       64480
       64488
       64512
       64520
       64536
       64544
       64552
       64560
       64576
       64592
       64608
       64624
       64640
       64656
       64664
       64672
       64680
       64712
       64728
       64744
       64752
       64768
       64792
       64808
       64816
       64824
       64832
       64840
       64848
       64856
       64872
       64888
       64904
       64920
       64936
       64944
       64952
       64960
       64968
       64984
       65000
       65008
       65040
       65048
       65056
       65072
       65096
       65100
       65116
       65124
       65156
       65164
       65180
       65188
       65196
       65204
       65212
       65220
       65236
       65252
       65260
       65268
       65276
       65284
       65300
       65308
       65316
       65332
       65356
       65368
       65376
       65392
       65408
       65416
       65424
       65448
       65464
       65472
       65488
       65504
       65512
       65528
       65536
       65544
       65552
       65568
       65576
       65584
       65600
       65616
       65632
       65648
       65664
       65672
       65680
       65712
       65720
       65728
       65744
       65752
       65760
       65768
       65776
       65784
       65792
       65800
       65808
       65824
       65832
       65848
       65864
       65880
       65896
       65904
       65912
       65928
       65936
       65944
       65952
       65968
       65984
       65992
       66000
       66008
       66044
       66052
       66068
       66084
       66100
       66116
       66124
       66148
       66164
       66172
       66188
       66196
       66204
       66212
       66228
       66244
       66260
       66268
       66276
       66284
       66308
       66316
       66332
       66340
       66348
       66396
       66412
       66420
       66428
       66444
       66460
       66468
       66476
       66484
       66492
       66500
       66532
       66548
       66556
       66564
       66572
       66580
       66604
       66612
       66628
       66636
       66644
       66648
       66664
       66672
       66680
       66696
       66704
       66744
       66760
       66768
       66784
       66792
       66808
       66824
       66832
       66840
       66856
       66872
       66888
       66904
       66920
       66928
       66936
       66944
       66956
       66964
       66996
       67020
       67028
       67036
       67052
       67060
       67076
       67092
       67108
       67116
       67132
       67148
       67156
       67172
       67196
       67212
       67220
       67228
       67236
       67252
       67268
       67284
       67292
       67300
       67324
       67332
       67340
       67372
       67388
       67404
       67412
       67420
       67452
       67468
       67476
       67492
       67500
       67508
       67524
       67532
       67540
       67548
       67564
       67572
       67580
       67596
       67604
       67612
       67620
       67636
       67652
       67660
       67668
       67676
       67692
       67700
       67716
       67732
       67740
       67748
       67756
       67764
       67772
       67780
       67788
       67796
       67804
       67836
       67852
       67856
       67872
       67880
       67888
       67896
       67928
       67940
       67956
       67964
       67980
       68012
       68020
       68044
       68052
       68068
       68076
       68084
       68092
       68100
       68108
       68124
       68140
       68156
       68164
       68180
       68196
       68204
       68212
       68220
       68236
       68244
       68260
       68268
       68300
       68308
       68324
       68332
       68340
       68356
       68364
       68380
       68388
       68396
       68404
       68412
       68420
       68436
       68444
       68460
       68468
       68492
       68508
       68524
       68532
       68540
       68548
       68572
       68580
       68588
       68596
       68628
       68652
       68668
       68684
       68708
       68716
       68724
       68740
       68748
       68756
       68764
       68776
       68808
       68816
       68824
       68840
       68848
       68864
       68880
       68904
       68912
       68920
       68928
       68936
       68952
       68968
       68976
       68992
       69008
       69016
       69024
       69032
       69064
       69072
       69088
       69096
       69104
       69112
       69120
       69128
       69144
       69152
       69168
       69176
       69184
       69208
       69216
       69224
       69240
       69256
       69272
       69284
       69300
       69316
       69332
       69340
       69356
       69364
       69380
       69388
       69396
       69404
       69412
       69460
       69476
       69484
       69492
       69508
       69516
       69524
       69540
       69548
       69556
       69564
       69572
       69580
       69588
       69604
       69620
       69636
       69652
       69684
       69692
       69700
       69708
       69716
       69728
       69744
       69760
       69776
       69784
       69800
       69808
       69824
       69832
       69840
       69848
       69856
       69872
       69904
       69912
       69928
       69960
       69968
       69976
       69984
       69992
       70008
       70024
       70040
       70048
       70056
       70064
       70080
       70096
       70104
       70120
       70152
       70160
       70168
       70176
       70192
       70208
       70240
       70248
       70256
       70264
       70272
       70288
       70304
       70312
       70320
       70336
       70352
       70360
       70368
       70376
       70392
       70400
       70408
       70424
       70432
       70440
       70448
       70456
       70464
       70472
       70480
       70504
       70512
       70528
       70544
       70560
       70568
       70580
       70596
       70612
       70620
       70628
       70660
       70680
       70688
       70704
       70720
       70728
       70744
       70752
       70800
       70816
       70824
       70832
       70840
       70848
       70856
       70872
       70880
       70896
       70928
       70936
       70952
       70968
       70984
       70992
       71000
       71024
       71040
       71048
       71056
       71064
       71072
       71104
       71112
       71128
       71136
       71144
       71152
       71168
       71176
       71184
       71192
       71208
       71216
       71232
       71264
       71272
       71280
       71296
       71304
       71312
       71328
       71336
       71344
       71360
       71368
       71376
       71400
       71416
       71424
       71432
       71440
       71456
       71472
       71480
       71496
       71504
       71536
       71544
       71552
       71560
       71568
       71576
       71592
       71608
       71612
       71628
       71636
       71652
       71668
       71676
       71684
       71700
       71716
       71724
       71740
       71756
       71780
       71796
       71804
       71812
       71820
       71828
       71860
       71868
       71884
       71892
       71900
       71916
       71924
       71928
       71952
       71960
       71976
       71992
       72008
       72016
       72032
       72040
       72056
       72064
       72072
       72080
       72112
       72120
       72136
       72144
       72152
       72168
       72176
       72184
       72208
       72224
       72232
       72240
       72248
       72256
       72288
       72296
       72304
       72320
       72328
       72344
       72352
       72360
       72368
       72384
       72400
       72424
       72432
       72440
       72456
       72464
       72480
       72488
       72504
       72512
       72528
       72532
       72548
       72564
       72580
       72588
       72612
       72652
       72668
       72684
       72700
       72732
       72748
       72772
       72788
       72820
       72828
       72836
       72844
       72860
       72868
       72876
       72884
       72892
       72916
       72924
       72932
       72940
       72948
       72972
       72988
       72996
       73012
       73020
       73036
       73044
       73052
       73068
       73084
       73092
       73100
       73108
       73132
       73140
       73156
       73188
       73196
       73204
       73228
       73236
       73244
       73248
       73264
       73280
       73288
       73296
       73304
       73320
       73328
       73344
       73352
       73360
       73368
       73384
       73392
       73408
       73416
       73424
       73440
       73448
       73464
       73472
       73496
       73504
       73516
       73532
       73548
       73556
       73564
       73588
       73620
       73628
       73644
       73652
       73668
       73676
       73692
       73700
       73716
       73732
       73748
       73756
       73764
       73772
       73788
       73796
       73812
       73820
       73836
       73844
       73852
       73860
       73884
       73900
       73932
       73948
       73956
       73988
       74004
       74012
       74020
       74028
       74036
       74044
       74060
       74076
       74084
       74092
       74124
       74132
       74140
       74148
       74156
       74172
       74180
       74188
       74196
       74212
       74220
       74228
       74236
       74244
       74260
       74268
       74284
       74292
       74300
       74316
       74332
       74340
       74356
       74364
       74372
       74388
       74396
       74404
       74412
       74436
       74452
       74456
       74472
       74488
       74504
       74552
       74568
       74584
       74592
       74600
       74608
       74616
       74624
       74636
       74652
       74668
       74684
       74692
       74700
       74732
       74740
       74748
       74756
       74772
       74780
       74788
       74804
       74820
       74828
       74836
       74852
       74860
       74868
       74892
       74900
       74916
       74924
       74940
       74964
       74972
       74988
       74996
       75004
       75012
       75020
       75028
       75060
       75068
       75084
       75092
       75100
       75108
       75116
       75124
       75132
       75140
       75148
       75164
       75172
       75188
       75204
       75220
       75236
       75252
       75260
       75268
       75284
       75300
       75308
       75316
       75324
       75356
       75364
       75372
       75388
       75404
       75412
       75420
       75436
       75452
       75464
       75480
       75488
       75504
       75512
       75528
       75544
       75552
       75600
       75608
       75624
       75632
       75640
       75648
       75664
       75696
       75704
       75712
       75720
       75744
       75760
       75768
       75776
       75784
       75792
       75824
       75840
       75848
       75856
       75864
       75872
       75880
       75896
       75912
       75928
       75936
       75952
       75960
       75976
       75984
       75992
       76004
       76012
       76020
       76036
       76052
       76060
       76076
       76084
       76100
       76108
       76116
       76124
       76132
       76148
       76156
       76188
       76220
       76236
       76244
       76260
       76276
       76284
       76292
       76308
       76316
       76324
       76340
       76356
       76372
       76380
       76388
       76396
       76404
       76412
       76424
       76432
       76448
       76464
       76480
       76496
       76504
       76512
       76528
       76544
       76560
       76568
       76576
       76592
       76608
       76624
       76632
       76640
       76664
       76680
       76688
       76704
       76712
       76720
       76736
       76744
       76768
       76784
       76800
       76808
       76824
       76832
       76848
       76864
       76880
       76888
       76896
       76912
       76920
       76928
       76936
       76944
       76952
       76968
       77016
       77024
       77032
       77040
       77056
       77080
       77088
       77096
       77104
       77120
       77128
       77136
       77152
       77160
       77168
       77200
       77208
       77224
       77240
       77248
       77264
       77272
       77280
       77296
       77328
       77344
       77360
       77372
       77388
       77400
       77448
       77464
       77472
       77488
       77504
       77512
       77536
       77544
       77560
       77576
       77584
       77592
       77608
       77624
       77632
       77648
       77656
       77664
       77680
       77688
       77704
       77712
       77720
       77736
       77752
       77760
       77776
       77784
       77792
       77800
       77816
       77824
       77840
       77848
       77856
       77872
       77880
       77888
       77896
       77912
       77920
       77936
       77952
       77960
       77968
       78000
       78008
       78016
       78024
       78032
       78040
       78056
       78064
       78080
       78088
       78104
       78112
       78120
       78136
       78144
       78152
       78160
       78168
       78176
       78184
       78200
       78232
       78240
       78248
       78256
       78264
       78280
       78304
       78320
       78336
       78352
       78360
       78368
       78384
       78392
       78408
       78412
       78428
       78436
       78468
       78476
       78492
       78500
       78508
       78516
       78524
       78548
       78564
       78596
       78620
       78628
       78636
       78644
       78652
       78660
       78676
       78692
       78708
       78716
       78732
       78748
       78756
       78764
       78772
       78804
       78808
       78840
       78856
       78864
       78872
       78880
       78896
       78904
       78912
       78928
       78936
       78952
       78960
       78968
       78984
       79000
       79008
       79016
       79024
       79056
       79064
       79072
       79080
       79096
       79104
       79128
       79136
       79144
       79152
       79160
       79168
       79176
       79192
       79200
       79232
       79256
       79264
       79272
       79280
       79288
       79320
       79328
       79344
       79352
       79360
       79368
       79380
       79388
       79420
       79436
       79452
       79468
       79476
       79484
       79492
       79508
       79516
       79532
       79540
       79564
       79596
       79612
       79644
       79652
       79660
       79668
       79676
       79684
       79700
       79708
       79724
       79732
       79748
       79756
       79772
       79788
       79796
       79812
       79828
       79844
       79852
       79860
       79868
       79876
       79900
       79908
       79924
       79932
       79940
       79948
       79956
       79980
       79988
       79996
       80004
       80020
       80036
       80052
       80060
       80092
       80100
       80108
       80124
       80140
       80148
       80156
       80180
       80188
       80196
       80204
       80216
       80232
       80240
       80256
       80272
       80280
       80288
       80296
       80304
       80320
       80336
       80344
       80352
       80360
       80368
       80380
       80388
       80404
       80420
       80428
       80460
       80468
       80476
       80484
       80524
       80532
       80540
       80572
       80588
       80596
       80612
       80620
       80628
       80636
       80644
       80660
       80668
       80676
       80684
       80700
       80708
       80716
       80724
       80748
       80780
       80788
       80796
       80804
       80828
       80836
       80844
       80852
       80868
       80876
       80884
       80900
       80908
       80924
       80932
       80948
       80964
       80972
       80988
       80996
       81028
       81036
       81044
       81052
       81060
       81092
       81100
       81132
       81156
       81172
       81180
       81188
       81196
       81204
       81212
       81236
       81252
       81260
       81276
       81284
       81300
       81308
       81316
       81324
       81332
       81340
       81356
       81364
       81372
       81376
       81392
       81400
       81448
       81464
       81472
       81480
       81496
       81512
       81528
       81536
       81552
       81568
       81584
       81592
       81608
       81616
       81632
       81648
       81652
       81668
       81676
       81708
       81716
       81740
       81748
       81756
       81772
       81780
       81788
       81796
       81804
       81820
       81836
       81860
       81868
       81876
       81884
       81916
       81924
       81932
       81940
       81956
       81964
       81980
       81996
       82004
       82028
       82036
       82044
       82060
       82076
       82092
       82124
       82132
       82148
       82156
       82164
       82172
       82188
       82204
       82212
       82220
       82228
       82244
       82252
       82260
       82268
       82276
       82292
       82300
       82316
       82324
       82340
       82364
       82380
       82396
       82404
       82420
       82428
       82432
       82464
       82480
       82488
       82496
       82528
       82536
       82552
       82560
       82568
       82584
       82600
       82616
       82624
       82632
       82648
       82656
       82664
       82672
       82680
       82688
       82712
       82728
       82744
       82760
       82776
       82792
       82800
       82808
       82816
       82832
       82840
       82856
       82872
       82888
       82896
       82912
       82920
       82928
       82944
       82960
       82968
       82984
       82992
       83008
       83024
       83032
       83040
       83056
       83072
       83088
       83096
       83108
       83124
       83132
       83148
       83164
       83172
       83188
       83196
       83204
       83212
       83244
       83252
       83260
       83276
       83284
       83292
       83300
       83316
       83340
       83348
       83372
       83388
       83404
       83412
       83420
       83428
       83444
       83452
       83456
       83472
       83480
       83488
       83504
       83536
       83544
       83560
       83568
       83600
       83608
       83616
       83624
       83632
       83640
       83648
       83656
       83672
       83680
       83688
       83712
       83760
       83768
       83776
       83792
       83800
       83808
       83816
       83832
       83848
       83880
       83888
       83896
       83904
       83912
       83928
       83936
       83944
       83952
       83960
       83984
       84000
       84008
       84016
       84032
       84048
       84056
       84064
       84096
       84112
       84128
       84136
       84152
       84168
       84184
       84192
       84200
       84208
       84216
       84224
       84240
       84248
       84296
       84304
       84312
       84320
       84328
       84336
       84344
       84352
       84368
       84376
       84392
       84400
       84408
       84416
       84424
       84440
       84448
       84460
       84476
       84500
       84508
       84524
       84536
       84544
       84560
       84568
       84584
       84592
       84608
       84616
       84632
       84640
       84672
       84680
       84688
       84696
       84712
       84744
       84760
       84776
       84784
       84800
       84808
       84816
       84832
       84840
       84856
       84864
       84896
       84904
       84912
       84928
       84952
       84960
       84976
       85000
       85016
       85024
       85040
       85048
       85056
       85064
       85080
       85096
       85104
       85120
       85136
       85152
       85160
       85168
       85176
       85192
       85200
       85216
       85224
       85240
       85272
       85280
       85296
       85304
       85312
       85328
       85344
       85360
       85368
       85384
       85400
       85408
       85416
       85440
       85456
       85472
       85488
       85500
       85508
       85524
       85540
       85556
       85564
       85580
       85596
       85628
       85636
       85644
       85660
       85676
       85684
       85700
       85716
       85724
       85732
       85748
       85764
       85772
       85780
       85788
       85796
       85804
       85820
       85828
       85852
       85860
       85868
       85876
       85884
       85892
       85900
       85908
       85924
       85932
       85940
       85948
       85980
       85988
       86000
       86024
       86040
       86048
       86064
       86072
       86080
       86088
       86112
       86120
       86136
       86144
       86160
       86168
       86192
       86200
       86208
       86216
       86224
       86232
       86256
       86264
       86272
       86288
       86296
       86312
       86328
       86336
       86344
       86360
       86376
       86392
       86400
       86408
       86416
       86448
       86456
       86472
       86480
       86488
       86504
       86512
       86520
       86524
       86540
       86572
       86580
       86612
       86628
       86636
       86644
       86660
       86676
       86684
       86700
       86716
       86732
       86748
       86756
       86772
       86836
       86852
       86868
       86876
       86884
       86892
       86908
       86916
       86924
       86940
       86956
       86972
       86980
       86988
       87004
       87012
       87020
       87036
       87044
       87068
       87076
       87084
       87092
       87116
       87140
       87148
       87156
       87164
       87172
       87180
       87188
       87196
       87212
       87228
       87244
       87252
       87268
       87284
       87292
       87300
       87316
       87324
       87332
       87340
       87348
       87364
       87372
       87380
       87388
       87404
       87420
       87428
       87436
       87452
       87456
       87480
       87488
       87504
       87520
       87528
       87536
       87552
       87584
       87592
       87600
       87604
       87620
       87628
       87660
       87668
       87676
       87692
       87700
       87716
       87724
       87740
       87764
       87772
       87788
       87796
       87812
       87820
       87828
       87844
       87852
       87868
       87884
       87900
       87908
       87940
       87948
       87964
       87972
       87980
       87988
       87996
       88004
       88020
       88036
       88052
       88060
       88068
       88092
       88100
       88116
       88124
       88132
       88140
       88148
       88156
       88164
       88172
       88180
       88188
       88220
       88228
       88252
       88268
       88276
       88300
       88308
       88316
       88332
       88356
       88388
       88404
       88412
       88444
       88460
       88468
       88484
       88500
       88516
       88532
       88540
       88556
       88564
       88572
       88588
       88596
       88612
       88628
       88632
       88656
       88664
       88672
       88680
       88688
       88704
       88736
       88768
       88784
       88792
       88808
       88816
       88824
       88832
       88840
       88856
       88872
       88880
       88888
       88896
       88912
       88944
       88952
       88960
       88968
       88980
       88996
       89004
       89020
       89036
       89068
       89084
       89092
       89100
       89108
       89124
       89132
       89148
       89164
       89180
       89196
       89204
       89212
       89228
       89236
       89252
       89268
       89284
       89300
       89316
       89324
       89332
       89340
       89348
       89356
       89372
       89388
       89412
       89428
       89436
       89452
       89460
       89476
       89484
       89492
       89508
       89516
       89532
       89540
       89556
       89564
       89572
       89580
       89596
       89612
       89620
       89628
       89644
       89652
       89672
       89680
       89696
       89728
       89744
       89752
       89776
       89792
       89800
       89816
       89824
       89832
       89856
       89864
       89880
       89896
       89904
       89920
       89928
       89936
       89968
       89984
       89992
       90000
       90032
       90040
       90048
       90056
       90072
       90080
       90096
       90104
       90120
       90128
       90144
       90152
       90160
       90176
       90184
       90200
       90208
       90216
       90224
       90272
       90280
       90288
       90304
       90312
       90328
       90336
       90344
       90360
       90376
       90392
       90400
       90408
       90424
       90440
       90448
       90456
       90468
       90476
       90492
       90500
       90508
       90516
       90524
       90548
       90564
       90580
       90588
       90596
       90612
       90628
       90652
       90660
       90668
       90684
       90692
       90700
       90708
       90740
       90748
       90784
       90792
       90800
       90816
       90824
       90840
       90848
       90856
       90864
       90912
       90920
       90928
       90936
       90952
       90960
       90968
       90976
       90992
       91000
       91008
       91024
       91040
       91048
       91064
       91072
       91104
       91120
       91136
       91144
       91152
       91160
       91168
       91176
       91184
       91192
       91208
       91224
       91240
       91272
       91288
       91296
       91312
       91320
       91336
       91344
       91360
       91368
       91376
       91392
       91400
       91416
       91424
       91440
       91448
       91456
       91472
       91480
       91488
       91496
       91528
       91536
       91544
       91560
       91568
       91584
       91592
       91600
       91616
       91624
       91632
       91664
       91672
       91680
       91704
       91720
       91744
       91752
       91760
       91768
       91776
       91792
       91800
       91824
