 -2.71998768e-15
 2.61165018e-01
 -1.58071715e-01
 4.64332590e-01
 -8.82105960e-17
 2.26694568e-15
 -7.58409304e-01
 1.71327969e-01
 -4.05512134e-15
 -2.66770177e-15
 1.03059940e-15
 -3.22244658e-17
 4.19107365e-16
 -1.55078754e-01
 1.09649185e-01
 8.51366584e-03
 2.11326503e-01
 5.09448128e-02
 -5.48840947e-16
 5.93107769e-16
 3.07147688e-02
 2.10888280e-02
 -1.45591546e-16
 2.59067776e-16
 6.04554720e-03
 2.44460412e-03
 -3.26938528e-16
 3.28730962e-16
 2.85367666e-02
 -5.50947111e-03
 7.52426303e-17
 1.30119846e-16
 -1.42128498e-16
 4.07980487e-17
 3.31773192e-16
 -6.30304309e-03
 -8.09690716e-04
 -1.29467759e-16
 -3.85361372e-17
 1.31178791e-02
 4.17079880e-03
 7.50452498e-04
 1.56329756e-02
 -8.13018753e-03
 1.97608798e-16
 -1.59060857e-16
 1.78234190e-02
 -6.22422387e-03
 2.96413531e-17
 -7.17103509e-17
 4.49354047e-03
 4.92148379e-05
 6.16887887e-03
 2.47298117e-03
 1.08482803e-16
 -1.03349658e-16
 1.38330459e-03
 9.27576891e-05
 -2.17056636e-16
 1.47995526e-16
 -9.78001926e-17
 -1.01316457e-16
 -2.26492743e-16
 -1.12628502e-16
 2.47646562e-16
 1.80995638e-16
 1.70085135e-03
 6.62259348e-04
 -1.06210904e-03
 -2.61949387e-05
 7.33444908e-17
 9.26680906e-17
 -4.41065980e-17
 -5.97531974e-04
 -6.76471830e-05
 2.11543073e-05
 1.13143672e-03
 -8.51956519e-05
 -2.30753948e-03
 1.65597985e-03
 2.89151809e-16
 4.76988762e-17
 -4.51567078e-17
 2.03237062e-16
 1.16686054e-16
 5.73206591e-17
 2.24551263e-03
 1.49550126e-03
 1.05381605e-03
 7.80340157e-05
 -1.23505116e-03
 -9.20235698e-04
 -4.02492992e-04
 -8.24310628e-05
 -4.05625727e-17
 -3.02812435e-16
 1.22080046e-16
 2.95908661e-17
 2.02583381e-04
 -1.68167037e-05
 -1.83875388e-17
 3.89510243e-17
 -1.21246340e-04
 -4.58827646e-04
 -1.30233687e-16
 -9.32626446e-17
 1.42992005e-16
 1.92202160e-17
 -5.08417735e-17
 -2.93041405e-16
 8.53803700e-17
 -1.24596366e-16
