 5.39675520e-01
 1.48210461e-16
 -4.03382007e-16
 -2.18260593e-16
 1.41210333e-01
 -2.92596133e-01
 1.94029961e-16
 -1.41246396e-16
 6.44096681e-01
 3.14586474e-01
 -2.68740406e-01
 7.36628738e-02
 -4.23039565e-02
 1.53711728e-16
 -3.55700590e-17
 -1.61960777e-17
 2.87205529e-17
 -3.79636813e-17
 8.92750419e-02
 -4.24088288e-03
 -1.37739872e-17
 -1.99023724e-17
 8.05681833e-03
 5.31443734e-04
 8.18075714e-18
 1.13694537e-17
 2.70245248e-02
 -1.94313217e-02
 -1.44524284e-17
 -2.46768763e-17
 -1.35337027e-04
 3.07504560e-04
 -8.43983450e-03
 -1.11657952e-02
 1.58500922e-04
 -1.71109316e-17
 1.15137123e-16
 1.94654545e-02
 4.16775025e-03
 1.12440399e-17
 -3.54903312e-18
 6.40849294e-17
 -8.64487157e-18
 9.32059209e-19
 6.34307384e-03
 5.74088419e-05
 -8.94912569e-18
 5.04586875e-17
 -7.81609608e-03
 9.37179337e-04
 1.36544114e-16
 -7.89385981e-17
 5.81847341e-18
 9.72135717e-17
 5.25777352e-04
 3.30358981e-04
 1.64986577e-16
 7.24164967e-17
 3.25508534e-03
 2.13121529e-03
 1.25798192e-03
 -1.86839098e-05
 4.03147704e-03
 1.92311434e-03
 5.07585567e-03
 -1.97258964e-06
 -4.99129497e-17
 -3.70651753e-16
 -1.77862453e-16
 3.39871067e-16
 3.12863763e-03
 -1.14549519e-03
 6.83948850e-05
 -1.71205314e-17
 1.45012749e-16
 5.79182756e-17
 -2.59976789e-17
 5.16920638e-17
 -6.97937446e-18
 -2.10924043e-17
 -7.38115825e-04
 3.39433500e-05
 -7.82611434e-04
 -6.43796363e-04
 1.57338426e-04
 2.80083908e-05
 -9.19863565e-19
 -5.08743817e-17
 4.83535842e-17
 1.07238325e-16
 6.90052656e-18
 -1.45904016e-17
 -7.04588610e-17
 6.04496775e-17
 8.32124658e-04
 1.88354326e-04
 -1.45507282e-05
 1.71289481e-04
 2.20390243e-17
 2.05833716e-17
 1.00495007e-03
 -2.00746427e-05
 -1.78085550e-17
 1.34198033e-16
 -6.18913508e-04
 -3.83342007e-04
 2.08811889e-04
 -1.23324887e-05
 6.85546865e-04
 -4.71699493e-04
 -9.17507839e-04
 5.52605166e-05
