 -5.39675520e-01
 -1.64034357e-15
 -1.69188527e-16
 2.20927390e-15
 1.41210333e-01
 2.92596133e-01
 -2.76911564e-15
 -4.73854144e-16
 6.44096681e-01
 3.14586474e-01
 2.68740406e-01
 -7.36628738e-02
 4.23039565e-02
 -7.49879492e-16
 -5.38913988e-16
 2.49532459e-17
 -9.71858802e-16
 -2.49188938e-16
 8.92750419e-02
 -4.24088288e-03
 3.75390737e-16
 9.42741442e-17
 8.05681833e-03
 5.31443734e-04
 -1.82533203e-18
 -1.59223549e-17
 -2.70245248e-02
 1.94313217e-02
 1.14754536e-16
 4.12118185e-17
 1.35337027e-04
 -3.07504560e-04
 -8.43983450e-03
 -1.11657952e-02
 -1.58500922e-04
 1.07783934e-16
 -1.16824120e-16
 -1.94654545e-02
 -4.16775025e-03
 -4.51339420e-17
 -1.13904677e-16
 -2.40468731e-16
 5.33813664e-17
 1.01027624e-17
 6.34307384e-03
 5.74088419e-05
 -5.44819643e-17
 8.06244436e-17
 -7.81609608e-03
 9.37179337e-04
 -1.10041608e-16
 -7.62843818e-17
 -7.87466361e-18
 1.49238855e-16
 5.25777352e-04
 -3.30358981e-04
 -1.06218563e-16
 1.11413911e-16
 3.25508534e-03
 2.13121529e-03
 -1.25798192e-03
 1.86839098e-05
 -4.03147704e-03
 -1.92311434e-03
 -5.07585567e-03
 1.97258964e-06
 1.31103739e-17
 6.51379402e-17
 -1.21535979e-16
 2.71129482e-17
 3.12863763e-03
 -1.14549519e-03
 -6.83948850e-05
 4.22129406e-18
 1.97961286e-17
 2.06686943e-18
 -9.37100161e-18
 8.34211168e-17
 -1.30938347e-17
 -4.31468142e-17
 -7.38115825e-04
 3.39433500e-05
 7.82611434e-04
 6.43796363e-04
 1.57338426e-04
 2.80083908e-05
 1.45822617e-18
 6.02250216e-17
 1.16957392e-16
 -4.29676947e-17
 2.79532488e-18
 1.92083016e-17
 3.29994984e-17
 5.93020918e-17
 8.32124658e-04
 1.88354326e-04
 -1.45507282e-05
 1.71289481e-04
 -1.39517700e-17
 -4.05515260e-17
 -1.00495007e-03
 2.00746427e-05
 -1.14700857e-17
 1.99548008e-17
 6.18913508e-04
 3.83342007e-04
 -2.08811889e-04
 1.23324887e-05
 6.85546865e-04
 -4.71699493e-04
 9.17507839e-04
 -5.52605166e-05
