 4.76098364e-16
 -3.19838708e-01
 -1.46370009e-01
 4.85547019e-01
 -1.01154091e-15
 -7.17920442e-16
 -7.26894725e-01
 -8.49279608e-02
 -1.54963385e-15
 1.70377208e-16
 -5.03506274e-16
 1.27249866e-15
 -2.84332402e-16
 -1.55844158e-01
 -1.26446323e-01
 8.20379357e-03
 -2.31698349e-01
 -4.97600438e-02
 3.89115846e-17
 6.03328771e-17
 7.65515493e-02
 2.59590574e-02
 4.22437276e-16
 1.96235545e-16
 1.21688941e-02
 -2.40314086e-03
 -5.77548875e-18
 4.69119527e-16
 2.92299220e-02
 6.09492976e-03
 4.77503083e-17
 3.66872734e-17
 -1.19630608e-16
 1.24879650e-16
 1.21241538e-16
 1.39301264e-02
 -8.14575234e-04
 3.52646899e-16
 1.42636309e-16
 -1.01563972e-02
 -3.95455747e-03
 9.42550999e-04
 1.27684237e-02
 -7.93034670e-03
 -2.54754310e-16
 2.52866809e-16
 -1.23866521e-02
 6.41520453e-03
 1.41947243e-17
 2.19311101e-16
 8.43268176e-03
 -1.34811788e-05
 -4.24661662e-03
 2.60982098e-03
 -2.25963394e-16
 -1.91621603e-17
 1.72685350e-03
 -1.58956641e-04
 -3.78451508e-16
 -3.98151435e-18
 8.32596777e-17
 -7.96348736e-17
 -4.94138471e-17
 2.24791828e-16
 -1.27471878e-16
 1.69490276e-16
 -1.95224219e-03
 -6.81588429e-04
 3.42186373e-04
 -7.80393215e-05
 -2.02712049e-16
 -1.04695380e-16
 7.89305533e-17
 7.72879076e-05
 3.33741188e-04
 -1.46035630e-05
 2.47002863e-04
 -8.54428771e-05
 8.91701768e-04
 -1.39480901e-03
 -1.32762534e-17
 -7.35260507e-17
 8.03123729e-18
 1.08713396e-16
 -5.69909062e-17
 1.29312084e-16
 9.32032415e-04
 1.35301006e-03
 1.48244104e-03
 -9.83901783e-05
 8.32433542e-04
 8.71364029e-04
 -1.88435467e-03
 5.29179845e-05
 2.31018426e-16
 1.10333813e-17
 5.30127970e-17
 1.40293332e-16
 2.34537800e-04
 4.91385620e-05
 -1.36592579e-16
 8.95175915e-17
 -3.29266619e-04
 -4.24657512e-04
 -1.80096170e-16
 -4.65258244e-17
 -1.84916693e-16
 -8.51880712e-17
 -1.22395748e-16
 1.42205667e-16
 7.84981187e-18
 -7.59859368e-17
