           6
           6
           8
           8
           8
          12
          12
          12
          14
          14
          14
          14
          18
          18
          18
          18
          18
          20
          20
          20
          20
          20
          24
          24
          24
          24
          24
          24
          26
          26
          26
          26
          26
          26
          26
          30
          30
          30
          30
          30
          30
          30
          32
          32
          32
          32
          32
          32
          32
          32
          36
          36
          36
          36
          36
          36
          36
          40
          40
          40
          40
          40
          40
          40
          40
          40
          40
          42
          42
          42
          42
          42
          42
          42
          42
          42
          44
          44
          44
          44
          44
          44
          44
          44
          44
          48
          48
          48
          48
          48
          48
          48
          48
          48
          48
          48
          50
          50
          50
          50
          50
          50
          50
          50
          50
          50
          50
          54
          54
          54
          54
          54
          54
          54
          54
          54
          54
          54
          54
          56
          56
          56
          56
          56
          56
          56
          56
          56
          56
          56
          56
          60
          60
          60
          60
          60
          60
          60
          60
          60
          60
          60
          60
          60
          64
          64
          64
          64
          64
          64
          64
          64
          64
          64
          64
          64
          66
          66
          66
          66
          66
          66
          66
          66
          66
          66
          66
          66
          66
          66
          66
          70
          70
          70
          70
          70
          70
          70
          70
          70
          70
          70
          70
          70
          72
          72
          72
          72
          72
          72
          72
          72
          72
          72
          72
          72
          72
          72
          78
          78
