1.3830681935E+00
0.0000000000E+00
0.0000000000E+00
0.0000000000E+00
-8.5125823599E-01
-2.7240504976E+00
0.0000000000E+00
0.0000000000E+00
6.2126718064E+00
-1.3428756384E+00
-1.1923686424E+00
1.0159503888E-01
-7.9846580763E-02
0.0000000000E+00
0.0000000000E+00
0.0000000000E+00
0.0000000000E+00
0.0000000000E+00
-1.3702468527E-01
1.4327162787E-02
0.0000000000E+00
0.0000000000E+00
-2.8863428898E-02
3.2320383813E-03
0.0000000000E+00
0.0000000000E+00
-1.4839295838E-02
-3.6131015770E-02
0.0000000000E+00
0.0000000000E+00
-3.0798731571E-02
-2.8594559059E-03
9.3435581374E-02
2.0603277331E-02
-4.0149378768E-03
0.0000000000E+00
0.0000000000E+00
-1.2622100289E-02
1.2484857175E-02
0.0000000000E+00
0.0000000000E+00
0.0000000000E+00
0.0000000000E+00
0.0000000000E+00
