4.1634453836E+00
0.0000000000E+00
0.0000000000E+00
0.0000000000E+00
-8.4307155425E-01
-2.2737032766E+00
0.0000000000E+00
0.0000000000E+00
3.0843088916E+00
-1.5718710546E+00
-1.3411801645E+00
6.3258942718E-01
-2.9307640018E-01
0.0000000000E+00
0.0000000000E+00
0.0000000000E+00
0.0000000000E+00
0.0000000000E+00
-5.2714841371E-01
1.4945057291E-01
0.0000000000E+00
0.0000000000E+00
3.8565411729E-03
1.3704781497E-02
0.0000000000E+00
0.0000000000E+00
1.8241074426E-02
-1.9036900794E-02
0.0000000000E+00
0.0000000000E+00
9.1114420284E-02
-1.5107608445E-02
-2.2414933069E-03
5.1815742770E-02
-1.3504126520E-03
0.0000000000E+00
0.0000000000E+00
2.4105508386E-02
4.2688467430E-02
0.0000000000E+00
0.0000000000E+00
0.0000000000E+00
0.0000000000E+00
0.0000000000E+00
4.9958848085E-03
1.7205543507E-03
0.0000000000E+00
0.0000000000E+00
3.7463985789E-03
-2.0865533871E-02
0.0000000000E+00
0.0000000000E+00
0.0000000000E+00
0.0000000000E+00
1.1474762926E-04
1.0364100634E-03
0.0000000000E+00
0.0000000000E+00
1.8401082482E-03
-8.5996042249E-04
2.3646787101E-04
-1.0582322351E-03
2.7425279874E-03
5.2067284298E-03
1.1508825533E-02
-6.6292808559E-03
0.0000000000E+00
0.0000000000E+00
0.0000000000E+00
0.0000000000E+00
2.4563067929E-04
6.7740613546E-03
1.4454898071E-04
0.0000000000E+00
0.0000000000E+00
0.0000000000E+00
0.0000000000E+00
0.0000000000E+00
0.0000000000E+00
0.0000000000E+00
-4.6774286214E-03
1.3875659946E-03
5.2538109326E-04
-6.0110096793E-03
-1.0299733374E-04
-2.8045797868E-04
0.0000000000E+00
0.0000000000E+00
0.0000000000E+00
0.0000000000E+00
0.0000000000E+00
0.0000000000E+00
0.0000000000E+00
0.0000000000E+00
-4.7347634617E-04
-3.5449779610E-03
-5.2208067325E-05
2.8706269635E-04
0.0000000000E+00
0.0000000000E+00
-7.3433028476E-04
1.0896282927E-04
0.0000000000E+00
0.0000000000E+00
-4.5505236027E-05
2.1662016018E-04
1.0663881387E-04
3.3486301467E-05
1.2505384682E-04
8.1494336763E-04
-1.9729035469E-04
2.0104842488E-03
