0.0000000000E+00
0.0000000000E+00
0.0000000000E+00
3.6823924039E+00
0.0000000000E+00
0.0000000000E+00
-2.5436088217E+00
0.0000000000E+00
3.7858362886E+00
0.0000000000E+00
0.0000000000E+00
4.7387572059E-01
6.0721933688E-01
-1.0263414494E+00
0.0000000000E+00
0.0000000000E+00
0.0000000000E+00
0.0000000000E+00
0.0000000000E+00
0.0000000000E+00
0.0000000000E+00
0.0000000000E+00
0.0000000000E+00
0.0000000000E+00
0.0000000000E+00
9.2973988023E-02
0.0000000000E+00
-2.9396423785E-01
-4.9593824527E-03
6.0401918683E-02
3.4138500245E-02
0.0000000000E+00
-5.2218083023E-02
0.0000000000E+00
0.0000000000E+00
0.0000000000E+00
0.0000000000E+00
0.0000000000E+00
0.0000000000E+00
0.0000000000E+00
6.8266278956E-02
0.0000000000E+00
-3.8555961279E-02
0.0000000000E+00
