4.0112626769E+00
0.0000000000E+00
0.0000000000E+00
0.0000000000E+00
-8.1974720416E-01
-2.2604824811E+00
0.0000000000E+00
0.0000000000E+00
3.1022146493E+00
-1.5528148760E+00
-1.3250048677E+00
6.0739025571E-01
-2.7990816935E-01
0.0000000000E+00
0.0000000000E+00
0.0000000000E+00
0.0000000000E+00
0.0000000000E+00
-5.0668916096E-01
1.3842829921E-01
0.0000000000E+00
0.0000000000E+00
5.0410387938E-03
1.4255073636E-02
0.0000000000E+00
0.0000000000E+00
2.0441899049E-02
-2.1851840315E-02
0.0000000000E+00
0.0000000000E+00
8.7239297768E-02
-1.0113045789E-02
-7.2080128677E-04
4.5628418585E-02
7.9005551626E-04
0.0000000000E+00
0.0000000000E+00
2.2237563926E-02
5.6136671494E-02
0.0000000000E+00
0.0000000000E+00
0.0000000000E+00
0.0000000000E+00
0.0000000000E+00
