-4.0112626718E+00
0.0000000000E+00
0.0000000000E+00
0.0000000000E+00
-8.1974720357E-01
2.2604824806E+00
0.0000000000E+00
0.0000000000E+00
3.1022146499E+00
-1.5528148753E+00
1.3250048672E+00
-6.0739025483E-01
2.7990816887E-01
0.0000000000E+00
0.0000000000E+00
0.0000000000E+00
0.0000000000E+00
0.0000000000E+00
-5.0668916021E-01
1.3842829880E-01
0.0000000000E+00
0.0000000000E+00
5.0410386557E-03
1.4255073616E-02
0.0000000000E+00
0.0000000000E+00
-2.0441899080E-02
2.1851840360E-02
0.0000000000E+00
0.0000000000E+00
-8.7239297477E-02
1.0113045737E-02
-7.2080121363E-04
4.5628418595E-02
-7.9005549485E-04
0.0000000000E+00
0.0000000000E+00
-2.2237563919E-02
-5.6136671380E-02
0.0000000000E+00
0.0000000000E+00
0.0000000000E+00
0.0000000000E+00
0.0000000000E+00
