1.8380039380E+00
-6.3001778781E-01
-2.0167848604E-01
6.5011312451E-01
-1.2363668611E+00
-2.5542505644E+00
-9.4624906966E-01
-1.9311559632E-01
5.2902068620E+00
-1.5012367952E+00
-1.1494029998E+00
2.3437483298E-01
-6.6315714872E-02
-1.1654444315E-01
-2.1719556692E-01
1.2680482000E-02
-3.3036738443E-01
-3.9257901659E-02
-1.0209471221E-01
2.3821401568E-02
1.5233929800E-01
3.2687728530E-02
-9.7722565997E-03
2.6418502021E-02
3.0067497126E-02
4.9068818368E-03
2.7998189663E-02
-4.5197463738E-02
5.7009857000E-02
1.9265724616E-02
-4.9064815267E-02
-2.8628727771E-03
6.0306277854E-02
3.5044948109E-02
-9.5427707808E-03
2.1928833806E-02
-3.6293853289E-03
-1.2171754187E-02
2.5061917141E-02
-1.4504149818E-02
-9.6579538024E-03
6.7012366677E-03
4.2813117968E-03
-8.7701819123E-03
