-1.5098082592E+00
-2.1093947500E-01
1.0771942422E-01
-2.6923939220E-01
-7.3610831269E-01
2.7341796126E+00
5.2483273932E-01
-1.2624858572E-01
5.8160667672E+00
-1.3738813009E+00
1.1782930196E+00
-1.1721146630E-01
1.0615913785E-01
7.7244409370E-02
-7.8026699041E-02
-3.3036116798E-03
-1.3762649975E-01
-3.3066348919E-02
-1.6356182702E-01
1.2765987029E-02
-4.5532447859E-02
-9.1440333478E-03
-3.3650550358E-02
4.9151903575E-03
-6.1927736083E-03
1.0265869971E-03
1.3373316674E-02
3.7353506153E-02
-1.5441307802E-02
7.8846523267E-03
2.3078721836E-02
3.2274191819E-03
8.4494776076E-02
1.9736080838E-02
3.1091959264E-03
2.8211618286E-03
7.4401515523E-04
7.2092507519E-03
-1.1570512054E-02
-1.2151766832E-02
-2.7033376267E-03
-1.7534326791E-03
-8.1433021495E-03
7.0627501175E-03
