0.0000000000E+00
0.0000000000E+00
0.0000000000E+00
-3.8050385270E+00
0.0000000000E+00
0.0000000000E+00
2.5802544067E+00
0.0000000000E+00
3.7843646554E+00
0.0000000000E+00
0.0000000000E+00
4.9426132701E-01
6.3382807278E-01
1.0460595072E+00
0.0000000000E+00
0.0000000000E+00
0.0000000000E+00
0.0000000000E+00
0.0000000000E+00
0.0000000000E+00
0.0000000000E+00
0.0000000000E+00
0.0000000000E+00
0.0000000000E+00
0.0000000000E+00
-1.0087258851E-01
0.0000000000E+00
-3.0755007962E-01
4.6447169972E-03
-6.2860486387E-02
3.2356799750E-02
0.0000000000E+00
-5.0746787134E-02
0.0000000000E+00
0.0000000000E+00
0.0000000000E+00
0.0000000000E+00
0.0000000000E+00
0.0000000000E+00
0.0000000000E+00
-7.1783477016E-02
0.0000000000E+00
4.1718886227E-02
0.0000000000E+00
