4.1628063908E+00
0.0000000000E+00
0.0000000000E+00
0.0000000000E+00
-8.3710822745E-01
-2.2751168271E+00
0.0000000000E+00
0.0000000000E+00
3.0862305302E+00
-1.5741620995E+00
-1.3389709239E+00
6.3280012577E-01
-2.9397382667E-01
0.0000000000E+00
0.0000000000E+00
0.0000000000E+00
0.0000000000E+00
0.0000000000E+00
-5.2865156921E-01
1.5038497915E-01
0.0000000000E+00
0.0000000000E+00
9.2453508535E-03
1.4853970595E-02
0.0000000000E+00
0.0000000000E+00
1.9530018553E-02
-2.0565984077E-02
0.0000000000E+00
0.0000000000E+00
9.5904593799E-02
-1.1696822780E-02
-2.7961503520E-03
4.5249982150E-02
1.4591129894E-03
0.0000000000E+00
0.0000000000E+00
2.2396319276E-02
5.9492031467E-02
0.0000000000E+00
0.0000000000E+00
0.0000000000E+00
0.0000000000E+00
0.0000000000E+00
