-1.3830681727E+00
0.0000000000E+00
0.0000000000E+00
0.0000000000E+00
-8.5125825358E-01
2.7240505230E+00
0.0000000000E+00
0.0000000000E+00
6.2126719381E+00
-1.3428756510E+00
1.1923686488E+00
-1.0159503517E-01
7.9846579505E-02
0.0000000000E+00
0.0000000000E+00
0.0000000000E+00
0.0000000000E+00
0.0000000000E+00
-1.3702468171E-01
1.4327163096E-02
0.0000000000E+00
0.0000000000E+00
-2.8863429191E-02
3.2320378988E-03
0.0000000000E+00
0.0000000000E+00
1.4839297634E-02
3.6131015655E-02
0.0000000000E+00
0.0000000000E+00
3.0798733251E-02
2.8594559787E-03
9.3435583877E-02
2.0603277307E-02
4.0149380780E-03
0.0000000000E+00
0.0000000000E+00
1.2622101810E-02
-1.2484857314E-02
0.0000000000E+00
0.0000000000E+00
0.0000000000E+00
0.0000000000E+00
0.0000000000E+00
