-4.1628063129E+00
0.0000000000E+00
0.0000000000E+00
0.0000000000E+00
-8.3710821847E-01
2.2751168193E+00
0.0000000000E+00
0.0000000000E+00
3.0862305376E+00
-1.5741620885E+00
1.3389709168E+00
-6.3280011284E-01
2.9397381936E-01
0.0000000000E+00
0.0000000000E+00
0.0000000000E+00
0.0000000000E+00
0.0000000000E+00
-5.2865155795E-01
1.5038497294E-01
0.0000000000E+00
0.0000000000E+00
9.2453486177E-03
1.4853970276E-02
0.0000000000E+00
0.0000000000E+00
-1.9530019029E-02
2.0565984720E-02
0.0000000000E+00
0.0000000000E+00
-9.5904589282E-02
1.1696821935E-02
-2.7961493225E-03
4.5249982392E-02
-1.4591126248E-03
0.0000000000E+00
0.0000000000E+00
-2.2396319210E-02
-5.9492029745E-02
0.0000000000E+00
0.0000000000E+00
0.0000000000E+00
0.0000000000E+00
0.0000000000E+00
