1.8648887046E+00
-7.0132558742E-01
-2.2201958205E-01
7.1983196559E-01
-1.3400772372E+00
-2.5720673683E+00
-1.0404411255E+00
-2.3463336491E-01
5.3788735704E+00
-1.5512178590E+00
-1.1486262546E+00
2.4752680437E-01
-6.1202405853E-02
-1.3084474608E-01
-2.3430360312E-01
1.6453197139E-02
-3.6962714508E-01
-3.7950623140E-02
-8.6180221206E-02
2.5667603219E-02
1.6719743438E-01
3.6830159362E-02
-6.1435754407E-03
3.0529904075E-02
2.9589020179E-02
6.1772415794E-03
3.3613122260E-02
-4.6421200034E-02
5.8376462339E-02
2.1356935632E-02
-5.4662992244E-02
-2.6745945080E-03
5.8883421746E-02
3.6912836880E-02
-1.0608222656E-02
2.7119972226E-02
-4.3315964599E-03
-1.4396434262E-02
2.7338592365E-02
-1.6207785066E-02
-1.1982952607E-02
7.5061453601E-03
4.6055488507E-03
-9.5913736162E-03
