-1.5353486623E+00
-2.8067276830E-01
1.4192577562E-01
-3.5137118532E-01
-6.9693899606E-01
2.8179088340E+00
6.8897989690E-01
-1.7068875510E-01
5.9036125822E+00
-1.4290751682E+00
1.1861222302E+00
-1.1664476216E-01
1.2107225056E-01
9.9124421650E-02
-1.0170417018E-01
-3.4668944202E-03
-1.8162447862E-01
-4.4806384645E-02
-1.7282977860E-01
1.2231474490E-02
-6.1199045286E-02
-1.1275970932E-02
-3.7947074139E-02
5.1711022267E-03
-8.0462626000E-03
1.0571836508E-03
1.7690073955E-02
3.8225292255E-02
-1.9191990721E-02
1.0362150318E-02
2.1940900911E-02
3.7262121838E-03
8.5463879118E-02
1.8758101736E-02
2.9391194757E-03
3.9619357422E-03
7.7686823581E-04
7.2697653887E-03
-1.1164983963E-02
-1.6457956809E-02
-3.8724543852E-03
-2.4637572578E-03
-1.0567655047E-02
9.2161511387E-03
