1.7850874388E+00
-6.6642306692E-01
-2.0553385653E-01
6.9233249633E-01
-1.3297584829E+00
-2.5674020470E+00
-1.0279382351E+00
-2.4988742541E-01
5.4858664301E+00
-1.5240584266E+00
-1.1499947009E+00
2.1639202870E-01
-7.5883420989E-02
-1.2604012945E-01
-2.1701371761E-01
2.2350913078E-02
-3.5851801911E-01
-4.4788818260E-02
-6.7717499036E-02
2.2487689449E-02
1.5219449311E-01
4.0850562020E-02
3.0996368154E-03
2.4421033710E-02
1.5707888726E-02
-4.4744112030E-03
2.4469088625E-02
-4.6285502671E-02
4.9079958557E-02
1.5353496894E-02
-4.5228243303E-02
-3.1698548720E-04
5.7214426359E-02
2.9595528557E-02
-3.2802029985E-03
2.6312032466E-02
-3.2503055869E-03
-1.7727092274E-02
1.4106656881E-02
-1.0413878287E-02
-8.7625626305E-03
1.4826759057E-03
4.7472743367E-03
-5.4389813245E-03
-4.4877970341E-03
9.2533190776E-05
-1.3194359550E-02
9.7892457978E-03
2.3898397250E-02
-4.3413637269E-03
1.4319935915E-02
-4.1435624952E-04
-6.0252580860E-03
6.4610109978E-03
1.3693375775E-04
9.2646188146E-04
2.1115393888E-03
-3.6037827058E-04
-1.1166943656E-02
-4.4034604629E-03
-2.9103262013E-03
2.4361006306E-04
3.5562625697E-04
4.7924034708E-03
-3.7902479247E-03
-6.8804320654E-04
-3.8569278908E-03
-2.6896744711E-03
2.0476333602E-03
-1.4693089701E-04
-2.9237778156E-03
3.7347866101E-03
-2.1775388431E-04
1.0689448776E-03
-2.3172659045E-04
6.7185978814E-05
-4.9443281413E-04
-8.0326466223E-04
1.9305078733E-03
-3.2561599299E-04
3.9072569137E-03
-3.2147631589E-05
-1.9360369489E-03
-2.5860868741E-03
-5.0566371843E-04
1.7087551114E-04
1.5634320417E-04
1.5526588271E-03
2.4217122489E-03
-2.3259534005E-04
7.4160922683E-04
1.7377175505E-03
-2.8783974756E-03
5.6520547064E-04
8.7215669445E-04
-1.2015573062E-03
-3.8881732058E-05
-5.2109519367E-04
3.8390901610E-04
-6.8311254692E-05
-6.8054465392E-04
-7.5173953057E-05
8.8591567281E-05
-1.3441458172E-03
-6.7141381035E-04
-7.5961824699E-04
-5.0887896892E-04
-1.7249671198E-05
-1.1909314665E-03
1.1189569184E-03
-3.0142000712E-04
5.3124257275E-04
