0.0000000000E+00
0.0000000000E+00
0.0000000000E+00
-3.8351059067E+00
0.0000000000E+00
0.0000000000E+00
2.5511359385E+00
0.0000000000E+00
3.7599098391E+00
0.0000000000E+00
0.0000000000E+00
4.8482060552E-01
6.5476890803E-01
1.0565482100E+00
0.0000000000E+00
0.0000000000E+00
0.0000000000E+00
0.0000000000E+00
0.0000000000E+00
0.0000000000E+00
0.0000000000E+00
0.0000000000E+00
0.0000000000E+00
0.0000000000E+00
0.0000000000E+00
-8.3006894553E-02
0.0000000000E+00
-2.9780497997E-01
-3.7649807679E-04
-1.5534431465E-02
4.7664538305E-02
0.0000000000E+00
-5.4709474626E-02
0.0000000000E+00
0.0000000000E+00
0.0000000000E+00
0.0000000000E+00
0.0000000000E+00
0.0000000000E+00
0.0000000000E+00
-5.2419181571E-02
0.0000000000E+00
3.8100849877E-02
0.0000000000E+00
0.0000000000E+00
-6.1908884521E-03
0.0000000000E+00
-5.3886585242E-02
0.0000000000E+00
-3.7755818876E-03
0.0000000000E+00
0.0000000000E+00
0.0000000000E+00
0.0000000000E+00
-2.2828590781E-02
-8.4487401261E-03
0.0000000000E+00
0.0000000000E+00
0.0000000000E+00
0.0000000000E+00
0.0000000000E+00
0.0000000000E+00
0.0000000000E+00
0.0000000000E+00
-1.0451634821E-03
0.0000000000E+00
8.2239803645E-04
0.0000000000E+00
4.1902772101E-03
-6.3849701165E-04
-5.9252225924E-03
7.4925234691E-03
0.0000000000E+00
0.0000000000E+00
0.0000000000E+00
-5.3945721014E-03
0.0000000000E+00
4.4704511614E-04
0.0000000000E+00
1.1111674779E-02
0.0000000000E+00
0.0000000000E+00
0.0000000000E+00
0.0000000000E+00
-6.3589151250E-03
0.0000000000E+00
-6.1913606803E-04
0.0000000000E+00
0.0000000000E+00
0.0000000000E+00
0.0000000000E+00
0.0000000000E+00
0.0000000000E+00
0.0000000000E+00
0.0000000000E+00
0.0000000000E+00
0.0000000000E+00
0.0000000000E+00
-4.9837362030E-03
0.0000000000E+00
0.0000000000E+00
-4.9368955210E-04
0.0000000000E+00
1.2897712835E-03
-8.6153704561E-04
0.0000000000E+00
0.0000000000E+00
1.6091107303E-03
0.0000000000E+00
4.1153261554E-03
3.8349243700E-04
9.1357453546E-06
