1.4188279017E+00
0.0000000000E+00
0.0000000000E+00
0.0000000000E+00
-8.2320807285E-01
-2.6818925509E+00
0.0000000000E+00
0.0000000000E+00
5.9964364023E+00
-1.3231297473E+00
-1.1819885601E+00
1.0806633497E-01
-8.2006404833E-02
0.0000000000E+00
0.0000000000E+00
0.0000000000E+00
0.0000000000E+00
0.0000000000E+00
-1.4294311138E-01
1.3859167049E-02
0.0000000000E+00
0.0000000000E+00
-2.8386263076E-02
3.9925725719E-03
0.0000000000E+00
0.0000000000E+00
-1.1869324301E-02
-3.6322001981E-02
0.0000000000E+00
0.0000000000E+00
-2.8062262975E-02
-2.7402625567E-03
8.9292973690E-02
2.0702137086E-02
-3.7004695192E-03
0.0000000000E+00
0.0000000000E+00
-1.0155705139E-02
1.2289924835E-02
0.0000000000E+00
0.0000000000E+00
0.0000000000E+00
0.0000000000E+00
0.0000000000E+00
