           4
           8
          12
          20
          24
          28
          36
          44
          48
          56
          60
          68
          80
          88
          96
         100
         108
         112
         120
         128
         136
         144
         148
         160
         168
         176
         184
         192
         196
         212
         220
         224
         232
         240
         248
         252
         260
         276
         284
         292
         300
         304
         316
         324
         332
         340
         348
         356
         364
         372
         376
         384
         400
         404
         420
         428
         436
         440
         456
         464
         472
         480
         488
         496
         504
         508
         516
         528
         544
         552
         560
         568
         576
         592
         600
         608
         612
         620
         632
         640
         656
         664
         672
         680
         696
         708
         716
         724
         732
         740
         748
         756
         760
         768
         776
         792
         796
         804
         820
         828
         844
         852
         860
         868
         876
         884
         888
         900
         916
         924
         932
         940
         948
         964
         972
         980
         988
         996
        1004
        1008
        1032
        1040
        1048
        1056
        1068
        1084
        1092
        1100
        1108
        1116
        1124
        1128
        1136
        1152
        1160
        1176
        1184
        1200
        1208
        1216
        1224
        1228
        1236
        1244
        1256
        1264
        1272
        1280
        1288
        1304
        1312
        1320
        1328
        1352
        1360
        1368
        1372
        1388
        1404
        1412
        1424
        1432
        1440
        1448
        1456
        1464
        1472
        1480
        1488
        1504
        1512
        1516
        1532
        1540
        1548
        1564
        1580
        1596
        1604
        1608
        1616
        1632
        1640
        1648
        1652
        1668
        1684
        1692
        1700
        1708
        1724
        1732
        1740
        1748
        1756
        1764
        1780
        1788
        1792
        1800
