-1.4188278948E+00
0.0000000000E+00
0.0000000000E+00
0.0000000000E+00
-8.2320807782E-01
2.6818925586E+00
0.0000000000E+00
0.0000000000E+00
5.9964364417E+00
-1.3231297507E+00
1.1819885620E+00
-1.0806633372E-01
8.2006404420E-02
0.0000000000E+00
0.0000000000E+00
0.0000000000E+00
0.0000000000E+00
0.0000000000E+00
-1.4294311028E-01
1.3859167126E-02
0.0000000000E+00
0.0000000000E+00
-2.8386263163E-02
3.9925724387E-03
0.0000000000E+00
0.0000000000E+00
1.1869324847E-02
3.6322001946E-02
0.0000000000E+00
0.0000000000E+00
2.8062263471E-02
2.7402625785E-03
8.9292974453E-02
2.0702137057E-02
3.7004695737E-03
0.0000000000E+00
0.0000000000E+00
1.0155705584E-02
-1.2289924864E-02
0.0000000000E+00
0.0000000000E+00
0.0000000000E+00
0.0000000000E+00
0.0000000000E+00
